50
0,0,0,0,0,-1.44257657781425,0.925557960100109
0.5,0.5,0.5,0.5,0.5,0.0501855411064751,-0.0509048801288163
0.25,0.75,0.25,0.75,0.25,-0.629893647130938,0.304925904230332
0.75,0.25,0.75,0.25,0.75,0.72488414570127,-0.382960421559174
0.125,0.625,0.875,0.875,0.625,-0.295270168559061,-0.863468186782739
0.625,0.125,0.375,0.375,0.125,0.21784024453053,0.053149131289766
0.375,0.375,0.625,0.125,0.875,-0.196990865926612,0.0394389115232939
0.875,0.875,0.125,0.625,0.375,0.463452360350563,0.633759923525442
0.0625,0.9375,0.6875,0.3125,0.1875,-0.604139981173696,-0.575774974953545
0.5625,0.4375,0.1875,0.8125,0.6875,-0.138729165778657,0.678899066718295
0.3125,0.1875,0.9375,0.5625,0.4375,0.136811713633458,-1.04488740104134
0.8125,0.6875,0.4375,0.0624999999999999,0.9375,0.474694567182235,0.467168663110803
0.1875,0.3125,0.3125,0.6875,0.5625,-0.760136134846076,0.385320206870873
0.6875,0.8125,0.8125,0.1875,0.0624999999999997,0.778029652210434,-0.903111647103539
0.4375,0.5625,0.0625,0.4375,0.8125,-0.588424025689381,1.13603954278913
0.9375,0.0625,0.5625,0.9375,0.3125,1.07936352174319,-0.41934952742742
0.03125,0.53125,0.40625,0.21875,0.46875,-1.01736399945588,0.232600759877976
0.53125,0.03125,0.90625,0.71875,0.96875,0.456690721126675,-0.647358267501922
0,0,0,0,0,-1.44257657781425,0.925557960100109
0,0,0,0,1,-1.63332880900808,1.58140062289043
0,0,0,1,0,-1.32247064807679,0.702801160584072
0,0,0,1,1,-1.51339694385298,1.35920257409617
0,0,1,0,0,-0.429872118179651,-1.24656011764511
0,0,1,0,1,-0.619129480455286,-0.596283670021711
0,0,1,1,0,-0.302208581300126,-1.48974753503116
0,0,1,1,1,-0.491716110048705,-0.838658335649635
0,1,0,0,0,-1.43467952856248,0.902819531562544
0,1,0,0,1,-1.62400774329766,1.55083221647585
0,1,0,1,0,-1.31453192589747,0.679332937275973
0,1,0,1,1,-1.50405894226945,1.32798336494708
0,1,1,0,0,-0.421043843727099,-1.27201649981256
0,1,1,0,1,-0.608832631546148,-0.629538212100378
0,1,1,1,0,-0.293345861481201,-1.51593784031998
0,1,1,1,1,-0.481246097199801,-0.873058122398205
1,0,0,0,0,0.558997119610698,0.888132343259367
1,0,0,0,1,0.379625031159641,1.49318979015216
1,0,0,1,0,0.68819035522302,0.646878280907678
1,0,0,1,1,0.50853344997829,1.25286937083253
1,0,1,0,0,1.56747748887691,-1.27450980242422
1,0,1,0,1,1.38997370479142,-0.677205744258818
1,0,1,1,0,1.70468249669149,-1.53737913500175
1,0,1,1,1,1.52681521429168,-0.938875135374941
1,1,0,0,0,0.567729142938644,0.863191827995063
1,1,0,0,1,0.38975261688875,1.46077668903437
1,1,0,1,0,0.696950459192814,0.621197426821583
1,1,0,1,1,0.518670483968409,1.21977899650715
1,1,1,0,0,1.57715897369588,-1.30220711351252
1,1,1,0,1,1.40111887604363,-0.712424622151953
1,1,1,1,0,1.71438231837456,-1.5658167498409
1,1,1,1,1,1.5379602097811,-0.974771221435677
-0.3,492500,-0.24,0.255,0.637
0.3,507500,0.24,0.345,0.763
0.206692741177998,0.0342548024088181,0.000661560531142643,359.465022441086,26.5577330278716
78717.0098044386,-617.054049128835,-1575.02087402479,1680.37482097678,1847.80461247994,-5826.37002103014,-2038.18421707925,4135.02518073761,3656.27116908587,-3284.24123258828,-3057.64969272558,4822.41743330188,-1202.81441084843,2409.91483922139,2023.20931361112,-1766.22215750475,157.512908026834,2973.31214144092,-21282.9901963125,-17927.7368314938,-17028.2390935452,-3074.93409524101,-17716.6574772795,-3884.19725785517,-3223.65180058184,8296.71005285758,-19075.6368064888,-3783.86068909706,-3819.88835257561,8379.53534849032,-3969.60634612647,7643.36675478839,7691.42130634448,3313.27318972572,-17484.9647420874,-3919.76952726897,-1967.84643990123,8003.26845213448,-2645.04985026099,7935.34628298528,9258.44407091963,3346.07168188952,-4727.02734688332,7118.49445996852,8406.74519457342,2978.94882118801,7359.06384412765,2075.27806879412,3057.61010568067,-32386.8163498599,8.30775447822868
-617.054049128835,87349.4197313164,-9146.74508615414,-8810.65923398426,-7637.65851845778,-9236.70331086707,-9667.34678005384,-6913.77481247798,-4434.76020005601,-12037.1013520833,-9643.69737008114,-6213.85102510378,-9170.68216308397,-6605.71708318311,-5882.40216617951,-10756.7603143463,-4847.15857651915,-5738.15410643581,-617.054050065458,628.646912655599,1788.39295045149,2200.56157160774,1437.68865674967,2437.25640473339,2625.40226899225,2436.38040954612,1224.36679961124,1508.01231849949,1560.56573001383,797.879154806297,506.145624373322,1804.72811018632,463.634909086694,360.263506581403,757.160206671696,1737.51667051368,1698.05717065871,2814.10160263902,1555.77229095509,2489.92019505845,1926.39771411984,2641.22230958811,967.533305390921,202.091777152095,1213.94533865268,371.090374617233,-255.880876278897,193.6253594195,259.432408876443,275.949291015576,-60.1153602635871
-1575.02087402479,-9146.74508615414,89792.010995854,-6909.5450911513,-5917.54372200376,-6273.70106594349,-7549.71506134639,-5486.11897807977,-3969.0904113686,-9922.31781890636,-6260.76769829296,-4200.08816876779,-6678.65143776623,-4448.8767082877,-3655.95301975228,-7625.96369692354,-2091.62222692228,-3981.0006165057,-1575.02087444357,3363.65118354516,-5814.46593391106,343.324390547268,3989.01246123883,4576.1312026766,557.636688949074,4448.5218974163,-6263.50818101012,-251.592205720022,-11904.5639757569,-6768.51995279502,-852.472417740178,3969.23472827601,-7007.81790095559,-977.047407853883,3559.09695594091,4158.61087169315,63.693130722666,4870.34887344841,3840.06455150885,-1686.14089958788,3907.79114672529,4672.39894153394,-557.707288406549,2796.31820390263,-6416.3506748135,-949.657326638421,2517.48805375355,2906.13146633261,-1099.57350603582,3485.69448380031,-37.6460268866665
1680.37482097678,-8810.65923398426,-6909.5450911513,90396.1135544617,-5294.38236936686,-5568.83736514316,-7375.16777844219,-5015.1721789414,-2821.41614555387,-7554.89869905808,-7995.89575970552,-5522.3470561496,-6746.06444829759,-3422.39537726371,-4089.58595243856,-7476.80472176313,-4809.54958669136,-5844.41684970949,1680.37482112587,-1089.53716025539,3558.93123007021,4210.15846674803,-738.945095831162,-5116.9515214675,4849.94421384181,1124.74716326286,3313.2133386484,3927.78287069595,-2358.07095378314,3481.65249588013,2822.24369121827,370.811981188592,3229.52721098366,3235.81840603492,-1540.97307510113,-6071.48659088938,3640.22078762626,872.387080957164,-6527.22033584522,-10832.6594866251,330.581641789903,-4981.04872451823,3382.42003987929,-790.686179475885,3719.86937549565,3114.47484866279,-1597.72608327517,-7004.17090775229,2785.8352816443,-1820.86859271282,-35.989868086162
1847.80461247994,-7637.65851845778,-5917.54372200376,-5294.38236936686,65368.8180957664,19147.5376848777,-5991.35178259362,-2406.43570200552,15956.0568158837,-22281.5398604061,-16215.8757475245,571.617816246175,-8717.8348537328,6228.77322384285,-6768.68386112442,-8815.61229786226,-10681.7597028738,17092.9585390356,1847.80461196092,4684.45696788914,2623.69091904863,656.414039790793,-1020.94516793754,-1261.51862969418,-5882.75766943873,-7473.77919439081,-1457.06604654132,4694.50734334587,-1050.19882487444,-617.784600432044,-4010.728127637,-4574.08597096849,-9643.62551617252,-12472.6481985162,-4887.0526064776,107.484447591731,4598.79832753621,2984.2851233046,1408.78960035692,2013.0543113958,700.235795991938,-1851.70125825906,-3870.45103255736,4637.21167912432,4816.65455957499,5799.12994612205,-12.5773814103715,467.195672972778,-1922.56370884983,-5515.11778202997,-25.6661851648122
-5826.37002103014,-9236.70331086707,-6273.70106594349,-5568.83736514316,19147.5376848777,65072.8529856311,-6752.75390684341,-4614.60100589962,-23079.5368644646,7953.58809920533,3250.57683367591,-8849.88394349113,-4005.67665361684,-15090.2322870937,-1098.82450275799,-4199.95977419017,3302.80751901862,-25807.1484072262,-5826.37002148091,1042.80148991638,-4394.0971650359,2248.55776774399,-935.190044342306,4542.99918015248,-1277.92151413596,1972.90173937034,8163.10357825558,2976.0398579517,3028.26108917694,-2700.48887372077,4978.61193357827,2911.8506297607,1697.72319067504,-2911.75849180152,-9735.06018969317,-342.2072365157,-7047.52445037469,4196.7949849285,-3611.87017209681,4998.75005056757,-3456.62891725664,5003.23351368004,2640.14237890469,760.646054168303,-101.748282099329,-445.796803696162,3341.2005659582,5189.36318687913,1694.67212763691,3075.87482910398,-40.6995259858443
-2038.18421707925,-9667.34678005384,-7549.71506134639,-7375.16777844219,-5991.35178259362,-6752.75390684341,67925.4038422649,16638.1648450237,13014.1721820499,-18120.5073187046,7491.90520172907,-28785.6178172955,-10.132774476449,-14004.2138588497,564.79256736017,-9909.48065412376,3792.03708880758,-5110.29270491772,-2038.18421842446,-4877.36706493578,4858.87587103789,2934.82602885989,-4641.01092589193,-9916.49899917488,3934.01743693141,-2570.2019533596,-444.455993339188,-2662.32342160468,-808.936864756549,890.190661115361,-1785.07446688084,-5001.73075243103,271.373842005773,-1172.51252075386,3698.68087599382,456.351330620591,1750.91766749592,3164.81429216191,3007.92000961638,-901.381339751248,3791.75651708706,2394.629268642,2839.2312593979,687.491276604969,-2790.49480887452,2714.86927561034,2415.30961437619,1035.03981894332,259.873406025655,4392.29380514317,-39.6561202214814
4135.02518073761,-6913.77481247798,-5486.11897807977,-5015.1721789414,-2406.43570200552,-4614.60100589962,16638.1648450237,68431.94644282,-17396.4503464711,1879.56063449213,-20899.0429269822,18089.8940361602,-11290.0451894873,6410.07305580381,-7772.87757055997,-4755.81312214182,-10290.4042123376,-3089.10827295538,4135.02518009345,747.475290232294,2492.1704366727,3587.40270579092,2980.80453935798,-2957.47751176964,5256.25935077784,3429.83121654204,1014.04010958234,-159.128039711581,-1288.76701251302,92.9237464398661,5746.44769872681,3193.71487802909,5723.48199740554,5355.75344084614,-3719.30174135331,-2815.08073973122,-3515.31883421681,679.64502023193,2892.16178997599,753.978027291168,4671.8628689253,5455.11167099104,-10152.2860600078,-10555.4377916753,-11205.9134151687,-10246.2075158852,-2865.514134742,-5138.65502219333,-3982.65172104419,-5261.17030459794,-24.7919235574344
3656.27116908587,-4434.76020005601,-3969.0904113686,-2821.41614555387,15956.0568158837,-23079.5368644646,13014.1721820499,-17396.4503464711,46215.7732160095,29014.4514042354,9324.61887452733,-63.5953801738122,-13138.0664116371,-4855.54852739472,1073.60608976215,4737.89692464925,-32205.2045544908,-7325.58813938435,3656.27116974923,2977.25811115279,1636.53332722628,757.832304362452,-1524.28227752334,1607.81549064247,-2266.87196450503,-581.51879695192,-788.291515451776,-1483.55641596537,-2220.18234058769,-604.950527688777,-8087.61949892027,-5679.53711605556,-8201.06065602236,-4728.32805386079,3533.18421938738,-1286.96360901165,2319.03588813759,-5136.46317584461,2734.73425304348,1658.87445447753,2636.18228050192,-2322.49441840384,3650.79220366337,2124.72390999358,2832.32228464281,1180.49069094574,-1107.39908802665,404.812162504543,-767.561790752947,-627.37120006673,-15.3735827643654
-3284.24123258828,-12037.1013520833,-9922.31781890636,-7554.89869905808,-22281.5398604061,7953.58809920533,-18120.5073187046,1879.56063449213,29014.4514042354,60496.0535976578,-22014.324913576,-1024.54576411029,-1342.45042357315,-3538.93590109007,-1959.2145829375,-26922.9452037813,21174.8108479072,-840.306566724231,-3284.24123195121,-1163.97006159673,159.939525248996,-2154.78484381176,-700.992954043565,4449.28082526097,6831.36691117319,6747.02823632159,-5134.6767940971,-759.74258478386,-4045.52934065686,-5053.03871974081,-5591.10046823993,1317.53082493904,202.365339220967,928.381118467845,3421.78780829651,-419.70700642416,381.342195758914,-6798.28450208869,4915.73819437881,6336.69084333663,7445.80537268517,4728.51728202532,-1179.48812326866,-848.502468307138,-588.905581845322,-4545.77875092843,-3483.60874146132,1614.07307765351,3294.10467104861,3303.26500147101,-50.1516642893843
-3057.64969272558,-9643.69737008114,-6260.76769829296,-7995.89575970552,-16215.8757475245,3250.57683367591,7491.90520172907,-20899.0429269822,9324.61887452733,-22014.324913576,56724.403435745,26947.6394064613,-4463.08925344741,4905.14914753766,-10664.2006698563,-14548.1803635425,18835.7919012753,-13809.8046944119,-3057.64969282136,-1935.38656417835,618.622942083291,4990.1914426045,-7347.95052178899,-4225.8483990646,-5455.19938950012,1183.80979402806,727.836176005219,-2111.29524182128,4430.25694300902,5197.32006561144,-5788.06607354503,-5378.18249024389,-3310.33656163342,973.575193928665,3453.01405142242,511.278568218716,6942.31231846357,6706.95947464823,-3169.58420829889,-3612.2648755847,377.908446563223,2909.45068220351,1116.32375558963,-3738.2733450898,6462.59375500997,4669.46364997465,-3272.88496749984,-4379.97150717706,2690.98359061362,4913.43727746413,-38.7033084742054
4822.41743330188,-6213.85102510378,-4200.08816876779,-5522.3470561496,571.617816246175,-8849.88394349113,-28785.6178172955,18089.8940361602,-63.5953801738122,-1024.54576411029,26947.6394064613,55428.5070861911,-3252.25904388977,-15606.4968840414,-3127.53006208629,6159.61436594063,-18226.0963190739,5881.52231777118,4822.41743425057,2628.92744948282,-2878.89527224071,4730.00582035668,2518.57293132486,-458.199555550955,-7813.11839176581,-615.379826753341,2285.46015083868,-1673.71129785088,1750.71958111925,2408.8309288815,5447.78993082957,980.516142462427,1061.70947008417,1583.94639939215,-537.079142804676,-4634.55042247475,38.0022547354807,-1266.20532511292,1709.61590497868,-3367.60103816649,-628.802858053167,-2539.71655780771,-4686.94332206679,-9643.43579548796,454.583547867083,-6894.58734965642,877.998591135445,-4782.02525706962,1885.90366738589,-5793.64979015222,-20.7363286294747
-1202.81441084843,-9170.68216308397,-6678.65143776623,-6746.06444829759,-8717.8348537328,-4005.67665361684,-10.132774476449,-11290.0451894873,-13138.0664116371,-1342.45042357315,-4463.08925344741,-3252.25904388977,85159.2386931671,-317.727408833723,-7535.64231811466,-2973.18424866763,-22625.5115213684,3961.52751160141,-1202.81441103282,-3436.68226372455,-6065.76725822689,-9041.52439768084,2911.56430130461,886.017758949445,-1934.07828497174,-5063.1049227247,4305.80054117681,2698.38843301803,361.787248577953,-2651.89891799733,5703.89101834867,4549.90393820847,2943.32815636004,20.7543464035549,2174.58310043258,1524.54915754733,-1057.14369426497,-1408.28922623042,1279.22516753261,947.097174428669,569.749998848335,175.214214191125,3462.72800074782,2974.46521024296,2201.18630752967,1347.69609410198,224.73624893529,298.830723122976,2651.01148376744,1997.86110915088,-39.8059598102413
2409.91483922139,-6605.71708318311,-4448.8767082877,-3422.39537726371,6228.77322384285,-15090.2322870937,-14004.2138588497,6410.07305580381,-4855.54852739472,-3538.93590109007,4905.14914753766,-15606.4968840414,-317.727408833723,76098.6964410348,-12755.1114594678,13875.7730294218,1732.27250092185,-12385.4973334989,2409.91483963955,5921.81398081837,3318.26047644401,-5855.88367918229,-4117.40163931738,5948.64499973619,1355.19080650968,2236.77581011415,-2770.83176954803,4591.13082385468,2283.23509737922,3241.87143551733,-11531.5805389124,237.162305126479,-5155.2753139896,3714.75024835027,-2466.60601008803,8191.91404756967,686.828358423956,925.32576129767,-7982.4970898208,5845.47314455156,-3507.06266937614,3404.03140923281,-6676.8116939783,3862.15212674185,-2908.96577617364,3495.54399885081,-13378.148797417,-1817.9279832254,-11531.4334709827,-599.492646926286,-22.949742445249
2023.20931361112,-5882.40216617951,-3655.95301975228,-4089.58595243856,-6768.68386112442,-1098.82450275799,564.79256736017,-7772.87757055997,1073.60608976215,-1959.2145829375,-10664.2006698563,-3127.53006208629,-7535.64231811466,-12755.1114594678,47493.1394233716,52706.2854228736,-19238.4342605016,-5711.0459161535,2023.20931505969,-516.743398523095,-2575.99815992081,-761.898941030656,5184.14182857579,6317.46822268819,-1142.52153572845,2962.98043421448,1435.26438524982,-8276.69008013535,3201.97829579517,-106.898909884515,4874.53995323059,-633.363104423444,4674.50830010268,4188.12016018892,-3046.23180259623,-3686.80569182397,-9557.00653054996,-8614.90853956174,-2140.95257569344,1095.17613379779,-8683.1445996652,-5246.44639942684,4461.04600406797,-448.430817745661,-1925.7453584438,-3201.46133611977,4652.58753197077,4151.57014252009,-2004.91186975167,-253.95753148602,-21.1770168122757
-1766.22215750475,-10756.7603143463,-7625.96369692354,-7476.80472176313,-8815.61229786226,-4199.95977419017,-9909.48065412376,-4755.81312214182,4737.89692464925,-26922.9452037813,-14548.1803635425,6159.61436594063,-2973.18424866763,13875.7730294218,52706.2854228736,5507.13114447943,24809.5797543936,384.976860341422,-1766.22215696537,-4511.55143086656,2393.30901909297,-1819.73895648409,1181.11008805494,2743.70149883849,2403.13348288734,5116.77327093806,-5356.24925017248,-8099.416776631,1503.12106277173,-1601.02272174108,-2540.04210945783,-2653.89450236866,860.133413799885,3004.03538343909,805.653242370471,-1777.24319352887,2945.92255063177,-1470.43686957287,264.104660209355,2603.25897043268,86.4795635895255,3211.12997114235,-2144.6658550921,-4018.85848725621,2261.03730211233,-339.935149790103,-2368.92152511857,-999.835197768971,-803.214722264484,2458.01447751559,-41.3324232840047
157.512908026834,-4847.15857651915,-2091.62222692228,-4809.54958669136,-10681.7597028738,3302.80751901862,3792.03708880758,-10290.4042123376,-32205.2045544908,21174.8108479072,18835.7919012753,-18226.0963190739,-22625.5115213684,1732.27250092185,-19238.4342605016,24809.5797543936,29823.9372873488,27711.7219316864,157.512908470599,-366.734076222259,-469.631077763353,-3405.8460557304,-1813.86388094419,-4079.51134511748,-2263.72489808061,-7412.6386872646,622.293050400764,2705.48800828113,5845.0949582286,4731.39527514059,3594.07595691382,1939.03130592523,7119.74582676943,1794.90450640869,-41.0475343515573,3464.5582781154,-5271.96687448746,-2046.84179755001,-4754.04137238329,-4376.78005039371,-10254.9478332083,-10629.0950840017,2553.21176071303,6563.24185349526,-1017.87257203626,1928.86240350188,6015.10757695729,4899.02445610296,299.087333661107,-2352.82309815787,-18.353245428957
2973.31214144092,-5738.15410643581,-3981.0006165057,-5844.41684970949,17092.9585390356,-25807.1484072262,-5110.29270491772,-3089.10827295538,-7325.58813938435,-840.306566724231,-13809.8046944119,5881.52231777118,3961.52751160141,-12385.4973334989,-5711.0459161535,384.976860341422,27711.7219316864,53765.3928744388,2973.31214151108,-2959.77028386344,1517.25097331223,-4579.2536255893,2430.46461485436,-7996.70784002873,-3621.01946765885,-11670.7590630064,-5189.63062926072,111.901790093412,60.094841920798,468.064318793545,3265.5834390407,-1429.84723626356,1855.05990511225,-5195.71305646432,4779.31277022225,-419.704523674784,4711.75316964519,-2499.22243665731,5610.38689887363,-4938.6640909947,-662.2615946557,-10682.0615829024,-1127.94863295935,3371.59685764362,3905.86977079717,1663.38373892566,6875.36018124725,522.214249499498,3639.25506603053,-6917.34923193621,-19.1234269409352
-21282.9901963125,-617.054050065458,-1575.02087444357,1680.37482112587,1847.80461196092,-5826.37002148091,-2038.18421842446,4135.02518009345,3656.27116974923,-3284.24123195121,-3057.64969282136,4822.41743425057,-1202.81441103282,2409.91483963955,2023.20931505969,-1766.22215696537,157.512908470599,2973.31214151108,78717.0098029342,-17927.7368314982,-17028.2390935132,-3074.93409454938,-17716.6574771619,-3884.19725683112,-3223.65179981331,8296.71005213093,-19075.6368065933,-3783.86068856063,-3819.88835172835,8379.53534752842,-3969.60634546525,7643.36675379202,7691.42130543132,3313.27319024342,-17484.9647419748,-3919.76952661196,-1967.84643906487,8003.26845091516,-2645.04984949863,7935.34628210108,9258.44406993523,3346.07168219708,-4727.02734611721,7118.49445888261,8406.74519380022,2978.94882145282,7359.06384307583,2075.27806909423,3057.61010607826,-32386.8163489742,8.30775447702341
-17927.7368314938,628.646912655599,3363.65118354516,-1089.53716025539,4684.45696788914,1042.80148991638,-4877.36706493578,747.475290232294,2977.25811115279,-1163.97006159673,-1935.38656417835,2628.92744948282,-3436.68226372455,5921.81398081837,-516.743398523095,-4511.55143086656,-366.734076222259,-2959.77028386344,-17927.7368314982,76674.7146476898,158.411512479833,-22007.4086712143,-341.020452023108,-21123.4992452273,11464.5796715479,-5056.51100896692,-903.926914875998,-21872.4187032351,10510.698182947,-6757.86846279714,9596.41805384333,-6399.3947218417,453.772907697443,9170.81994117184,-576.644170860683,-21911.7772606341,12447.4241353183,-5316.13637619973,11463.7073219081,-5193.43818793057,3585.89366407564,11512.8909005221,9985.97204416659,-6600.94365150764,2413.53859963643,9849.12603467022,772.037607510392,9203.55174888544,-41967.1352097029,11482.7506444123,13.1366221865864
-17028.2390935452,1788.39295045149,-5814.46593391106,3558.93123007021,2623.69091904863,-4394.0971650359,4858.87587103789,2492.1704366727,1636.53332722628,159.939525248996,618.622942083291,-2878.89527224071,-6065.76725822689,3318.26047644401,-2575.99815992081,2393.30901909297,-469.631077763353,1517.25097331223,-17028.2390935132,158.411512479833,77171.7881472797,-21930.4170374794,-915.106113395689,10129.9278917613,-22031.2361763749,-7039.78489016542,-139.279903758397,11741.3008640052,-21636.8550964137,-4969.7623813287,10498.2720272908,1486.34564087532,-6214.92486969806,9778.02883348267,-245.460282067672,11347.2814828178,-21983.9350630086,-6458.21390722454,10732.1129096661,1906.75166350869,-6660.94259183124,8665.02272482892,11135.3708859152,2746.37051283743,-6243.88627625693,10358.6221655084,1925.7973633595,-41620.1213287123,8975.41047486014,10622.466200707,18.1883785057714
-3074.93409524101,2200.56157160774,343.324390547268,4210.15846674803,656.414039790793,2248.55776774399,2934.82602885989,3587.40270579092,757.832304362452,-2154.78484381176,4990.1914426045,4730.00582035668,-9041.52439768084,-5855.88367918229,-761.898941030656,-1819.73895648409,-3405.8460557304,-4579.2536255893,-3074.93409454938,-22007.4086712143,-21930.4170374794,74195.0300645835,11042.7737188922,-5014.28230468045,-4346.01147026758,-22652.8730971524,12418.2492023354,-4379.52850330644,-4166.07221712737,-22860.2952765185,5134.65470836581,9794.69382164688,10213.1731871751,-4316.78816340756,10734.4862274739,-5372.27768348953,-4069.70584700436,-22392.6655789028,4316.80357605434,9171.88386434758,10654.2325690287,-4000.67758661608,4425.25543323196,8462.46706181679,9948.0376854462,-5171.59490265692,-40277.5208283406,3289.14879311878,4568.2847813011,11698.4686242336,20.926246721781
-17716.6574772795,1437.68865674967,3989.01246123883,-738.945095831162,-1020.94516793754,-935.190044342306,-4641.01092589193,2980.80453935798,-1524.28227752334,-700.992954043565,-7347.95052178899,2518.57293132486,2911.56430130461,-4117.40163931738,5184.14182857579,1181.11008805494,-1813.86388094419,2430.46461485436,-17716.6574771619,-341.020452023108,-915.106113395689,11042.7737188922,77388.7821026352,-21465.9035035455,-21967.5268543402,-5692.93185706166,-638.824789310256,10638.7321923726,10434.6108256869,1322.92541407069,-20672.3253269031,-5224.89297662513,-5475.26976345998,10112.6775550872,-192.046526207569,10701.5440940155,10675.8905833555,1584.59753463808,-21186.98570274,-6065.33882337205,-5832.92540516205,9833.75677059601,10911.8572293375,1677.20935360316,1673.26994057354,-42505.8552870003,-5381.61231921003,9995.00444309593,10130.3352645676,11075.1367184298,16.0739207513536
-3884.19725785517,2437.25640473339,4576.1312026766,-5116.9515214675,-1261.51862969418,4542.99918015248,-9916.49899917488,-2957.47751176964,1607.81549064247,4449.28082526097,-4225.8483990646,-458.199555550955,886.017758949445,5948.64499973619,6317.46822268819,2743.70149883849,-4079.51134511748,-7996.70784002873,-3884.19725683112,-21123.4992452273,10129.9278917613,-5014.28230468045,-21465.9035035455,75891.1602012272,-3649.35380615373,-20574.617391527,11142.3538162527,-4572.13801907676,3956.55182502107,8768.61195954498,-5272.97568371191,-22391.6077248571,9215.94149921994,-3739.09489243362,10312.0851316637,-3441.63458453644,3003.05093410783,9397.34858757774,-4634.77204279105,-20723.0447617495,10042.6635605658,-2261.10975525339,4124.20552887099,10268.0380642497,-41460.8481301188,3247.68720589064,8679.69549553466,-3497.65580636582,2938.36575543721,12976.6429279789,21.4070422172528
-3223.65180058184,2625.40226899225,557.636688949074,4849.94421384181,-5882.75766943873,-1277.92151413596,3934.01743693141,5256.25935077784,-2266.87196450503,6831.36691117319,-5455.19938950012,-7813.11839176581,-1934.07828497174,1355.19080650968,-1142.52153572845,2403.13348288734,-2263.72489808061,-3621.01946765885,-3223.65179981331,11464.5796715479,-22031.2361763749,-4346.01147026758,-21967.5268543402,-3649.35380615373,73959.9844263382,-22189.7170029036,11717.0129903845,4795.37833346384,-4684.36364519275,10041.0833925131,-3695.82495946495,11306.9043117771,-22006.7859767466,-2807.60197657334,11021.0549049937,4650.21837189017,-5900.30982180822,9318.52513452186,-4658.82704165696,10557.5742114299,-23476.6554310882,-4121.40636740481,4729.43261466387,-40454.1430034519,8132.76568013969,3174.43777391708,9876.23716572177,4559.46784594708,-5247.60202027433,12224.2742805701,21.9761394015895
8296.71005285758,2436.38040954612,4448.5218974163,1124.74716326286,-7473.77919439081,1972.90173937034,-2570.2019533596,3429.83121654204,-581.51879695192,6747.02823632159,1183.80979402806,-615.379826753341,-5063.1049227247,2236.77581011415,2962.98043421448,5116.77327093806,-7412.6386872646,-11670.7590630064,8296.71005213093,-5056.51100896692,-7039.78489016542,-22652.8730971524,-5692.93185706166,-20574.617391527,-22189.7170029036,75759.6242908556,3367.07561891243,9723.17179507006,9889.84873501178,-3826.22080541787,10270.8609595915,-2156.59544647631,-2931.76206758051,-20353.1162556064,1343.29018636193,10236.5158297282,7737.90551600271,-4183.72813054523,9097.56592781775,-2222.34414273475,-3896.93678690963,-20954.0879495124,-40656.1699941732,3996.84260706172,2907.30573220538,8949.19440646691,4034.35474521727,11234.8982447369,9659.36211343552,-6686.20751403329,22.7310855747757
-19075.6368064888,1224.36679961124,-6263.50818101012,3313.2133386484,-1457.06604654132,8163.10357825558,-444.455993339188,1014.04010958234,-788.291515451776,-5134.6767940971,727.836176005219,2285.46015083868,4305.80054117681,-2770.83176954803,1435.26438524982,-5356.24925017248,622.293050400764,-5189.63062926072,-19075.6368065933,-903.926914875998,-139.279903758397,12418.2492023354,-638.824789310256,11142.3538162527,11717.0129903845,3367.07561891243,76865.4090524423,-22255.7276207275,-21705.2416829006,-6113.30677126324,-21562.707845528,-6143.67960901865,-5545.15599039553,10052.884858642,-1080.63491520402,10510.3305939176,11650.6518051319,3478.10802327325,10895.3333145093,2579.08938303892,3040.2015671447,-39544.7356710493,-22213.0435093991,-7457.49931167797,-5414.23369448805,9887.48004873826,-6674.22695593388,9087.57726796239,10689.691603204,12475.3817023749,14.3046678278173
-3783.86068909706,1508.01231849949,-251.592205720022,3927.78287069595,4694.50734334587,2976.0398579517,-2662.32342160468,-159.128039711581,-1483.55641596537,-759.74258478386,-2111.29524182128,-1673.71129785088,2698.38843301803,4591.13082385468,-8276.69008013535,-8099.416776631,2705.48800828113,111.901790093412,-3783.86068856063,-21872.4187032351,11741.3008640052,-4379.52850330644,10638.7321923726,-4572.13801907676,4795.37833346384,9723.17179507006,-22255.7276207275,73662.3374177358,-4680.57165689993,-23518.3508997184,-5036.32492010239,-23163.3535030493,9221.00627623227,-5476.87670713795,10979.5751460684,-3436.26613603683,5839.57631070766,11762.5933311812,4180.2168470044,10330.8099361004,-39622.261329827,5023.13162962089,-4848.29550623418,-22653.0855617992,10838.2155468722,-3337.46518341293,9081.25912365105,-5066.18561112418,4140.914599172,11792.5565085715,17.7567225601171
-3819.88835257561,1560.56573001383,-11904.5639757569,-2358.07095378314,-1050.19882487444,3028.26108917694,-808.936864756549,-1288.76701251302,-2220.18234058769,-4045.52934065686,4430.25694300902,1750.71958111925,361.787248577953,2283.23509737922,3201.97829579517,1503.12106277173,5845.0949582286,60.094841920798,-3819.88835172835,10510.698182947,-21636.8550964137,-4166.07221712737,10434.6108256869,3956.55182502107,-4684.36364519275,9889.84873501178,-21705.2416829006,-4680.57165689993,74008.9819530648,-22257.1469703867,-4197.19281376148,9550.71119241729,-22347.3663951118,-3964.32299722229,10816.0778121979,4302.16490980286,-3929.63487690197,10340.3363144393,3454.20363891233,-40327.4240776981,9065.65485381289,3965.18487664064,-4213.40610990456,9635.14731938636,-22140.7856316407,-3925.42940730623,9825.23789220744,3922.91758861105,-4293.60183904526,12081.9986665939,18.4577561108309
8379.53534849032,797.879154806297,-6768.51995279502,3481.65249588013,-617.784600432044,-2700.48887372077,890.190661115361,92.9237464398661,-604.950527688777,-5053.03871974081,5197.32006561144,2408.8309288815,-2651.89891799733,3241.87143551733,-106.898909884515,-1601.02272174108,4731.39527514059,468.064318793545,8379.53534752842,-6757.86846279714,-4969.7623813287,-22860.2952765185,1322.92541407069,8768.61195954498,10041.0833925131,-3826.22080541787,-6113.30677126324,-23518.3508997184,-22257.1469703867,73694.035770889,9590.26532941011,-4325.57987896469,-3184.95341849631,-22317.6823225703,2635.48327521955,9994.99118924052,11690.5718207901,-2627.56131633839,-41494.0124860072,4340.42026293917,5036.71654969813,10649.4922567953,9867.01263989278,-4214.56964477511,-2357.27499310134,-22020.4865280412,4405.31186303301,9720.37975372983,10973.4914520521,-7850.31632829767,17.1272006721032
-3969.60634612647,506.145624373322,-852.472417740178,2822.24369121827,-4010.728127637,4978.61193357827,-1785.07446688084,5746.44769872681,-8087.61949892027,-5591.10046823993,-5788.06607354503,5447.78993082957,5703.89101834867,-11531.5805389124,4874.53995323059,-2540.04210945783,3594.07595691382,3265.5834390407,-3969.60634546525,9596.41805384333,10498.2720272908,5134.65470836581,-20672.3253269031,-5272.97568371191,-3695.82495946495,10270.8609595915,-21562.707845528,-5036.32492010239,-4197.19281376148,9590.26532941011,75756.209116414,-22174.6891441623,-20525.8504394033,-3685.33049069535,10879.1127820215,2660.11194780017,3815.60735537215,-40426.2482019886,-3062.93733583413,9032.1175623502,10651.3021066999,4205.45526813394,-4263.21289806636,8172.41445180095,9948.39279806817,2536.5974304419,-21318.4092693037,-4845.39359684694,-2471.34698022482,11649.545155058,13.4911350883994
7643.36675478839,1804.72811018632,3969.23472827601,370.811981188592,-4574.08597096849,2911.8506297607,-5001.73075243103,3193.71487802909,-5679.53711605556,1317.53082493904,-5378.18249024389,980.516142462427,4549.90393820847,237.162305126479,-633.363104423444,-2653.89450236866,1939.03130592523,-1429.84723626356,7643.36675379202,-6399.3947218417,1486.34564087532,9794.69382164688,-5224.89297662513,-22391.6077248571,11306.9043117771,-2156.59544647631,-6143.67960901865,-23163.3535030493,9550.71119241729,-4325.57987896469,-22174.6891441623,74021.4014748603,-2335.94825576559,-21657.7280512117,2028.16344108383,10338.4391298001,-41442.3939783439,5424.0208113925,10434.167033573,-3026.02479666944,5773.43758901347,12237.1697055072,9609.04538338979,-4074.62655032872,4126.65086565283,9807.06704976865,-3672.98816376523,-22800.9288261227,11125.5223024074,-7283.8853058914,20.005309185969
7691.42130634448,463.634909086694,-7007.81790095559,3229.52721098366,-9643.62551617252,1697.72319067504,271.373842005773,5723.48199740554,-8201.06065602236,202.365339220967,-3310.33656163342,1061.70947008417,2943.32815636004,-5155.2753139896,4674.50830010268,860.133413799885,7119.74582676943,1855.05990511225,7691.42130543132,453.772907697443,-6214.92486969806,10213.1731871751,-5475.26976345998,9215.94149921994,-22006.7859767466,-2931.76206758051,-5545.15599039553,9221.00627623227,-22347.3663951118,-3184.95341849631,-20525.8504394033,-2335.94825576559,76189.1389558869,-20520.3802182383,2222.01730501405,-41871.063507628,9100.51464388862,4507.92095240728,10195.6923935423,4470.0739920195,-3860.70229296108,10648.0321455457,10294.7470424037,3474.27932557738,-4051.42029049071,9374.78085872649,-2413.58889820427,10643.9144883726,-21565.7351958603,-7541.41661827736,14.786274145369
3313.27318972572,360.263506581403,-977.047407853883,3235.81840603492,-12472.6481985162,-2911.75849180152,-1172.51252075386,5355.75344084614,-4728.32805386079,928.381118467845,973.575193928665,1583.94639939215,20.7543464035549,3714.75024835027,4188.12016018892,3004.03538343909,1794.90450640869,-5195.71305646432,3313.27319024342,9170.81994117184,9778.02883348267,-4316.78816340756,10112.6775550872,-3739.09489243362,-2807.60197657334,-20353.1162556064,10052.884858642,-5476.87670713795,-3964.32299722229,-22317.6823225703,-3685.33049069535,-21657.7280512117,-20520.3802182383,74957.5074823673,-41111.6206592376,3888.86917516162,3070.99737760721,10421.6337714986,3172.63409963973,10827.8993784786,10627.197195423,-3122.46187810824,3692.5259744311,9013.13938504618,9396.82597556658,-5817.28122271312,9784.32593736303,-4987.59916277727,-4686.22387208443,-23732.6994317093,14.0299495012562
-17484.9647420874,757.160206671696,3559.09695594091,-1540.97307510113,-4887.0526064776,-9735.06018969317,3698.68087599382,-3719.30174135331,3533.18421938738,3421.78780829651,3453.01405142242,-537.079142804676,2174.58310043258,-2466.60601008803,-3046.23180259623,805.653242370471,-41.0475343515573,4779.31277022225,-17484.9647419748,-576.644170860683,-245.460282067672,10734.4862274739,-192.046526207569,10312.0851316637,11021.0549049937,1343.29018636193,-1080.63491520402,10979.5751460684,10816.0778121979,2635.48327521955,10879.1127820215,2028.16344108383,2222.01730501405,-41111.6206592376,77904.3082364479,-21919.1369915783,-21608.1605870884,-6983.35501541355,-21396.8433470107,-7291.76792930187,-5936.48967439144,8346.28733667762,-21377.8266600426,-5377.14730234927,-5949.39764244866,10170.0622148773,-5492.32040126183,9912.98859903379,10364.7330820627,11629.9347790562,13.4324730461015
-3919.76952726897,1737.51667051368,4158.61087169315,-6071.48659088938,107.484447591731,-342.2072365157,456.351330620591,-2815.08073973122,-1286.96360901165,-419.70700642416,511.278568218716,-4634.55042247475,1524.54915754733,8191.91404756967,-3686.80569182397,-1777.24319352887,3464.5582781154,-419.704523674784,-3919.76952661196,-21911.7772606341,11347.2814828178,-5372.27768348953,10701.5440940155,-3441.63458453644,4650.21837189017,10236.5158297282,10510.3305939176,-3436.26613603683,4302.16490980286,9994.99118924052,2660.11194780017,10338.4391298001,-41871.063507628,3888.86917516162,-21919.1369915783,73527.9238125896,-3701.20728750296,-22554.8684990228,-4455.14050993478,-22358.3965538181,10312.4718842855,-3420.40831008379,-4550.47768975829,-21997.2867618973,9970.81301337657,-3395.58400249342,9115.11823845167,-3892.20089398685,3166.31572934607,12695.6419662628,18.8288623561002
-1967.84643990123,1698.05717065871,63.693130722666,3640.22078762626,4598.79832753621,-7047.52445037469,1750.91766749592,-3515.31883421681,2319.03588813759,381.342195758914,6942.31231846357,38.0022547354807,-1057.14369426497,686.828358423956,-9557.00653054996,2945.92255063177,-5271.96687448746,4711.75316964519,-1967.84643906487,12447.4241353183,-21983.9350630086,-4069.70584700436,10675.8905833555,3003.05093410783,-5900.30982180822,7737.90551600271,11650.6518051319,5839.57631070766,-3929.63487690197,11690.5718207901,3815.60735537215,-41442.3939783439,9100.51464388862,3070.99737760721,-21608.1605870884,-3701.20728750296,72408.668191904,-23447.6986688882,-4685.04540134628,8551.51454805586,-24346.1326859292,-7046.6988548666,-3595.28096751627,11735.6231452866,-22543.3601701883,-3029.15820255623,10503.2683286483,3790.13571267174,-4683.17686365288,10598.2683107777,19.800079721539
8003.26845213448,2814.10160263902,4870.34887344841,872.387080957164,2984.2851233046,4196.7949849285,3164.81429216191,679.64502023193,-5136.46317584461,-6798.28450208869,6706.95947464823,-1266.20532511292,-1408.28922623042,925.32576129767,-8614.90853956174,-1470.43686957287,-2046.84179755001,-2499.22243665731,8003.26845091516,-5316.13637619973,-6458.21390722454,-22392.6655789028,1584.59753463808,9397.34858757774,9318.52513452186,-4183.72813054523,3478.10802327325,11762.5933311812,10340.3363144393,-2627.56131633839,-40426.2482019886,5424.0208113925,4507.92095240728,10421.6337714986,-6983.35501541355,-22554.8684990228,-23447.6986688882,74729.7717838669,9183.79463856042,-4259.09600522506,-3970.19240593822,-22377.3768834595,10155.081946228,-2848.25692454931,-3798.90743322105,-21703.795081796,5254.33159888723,10828.6236692327,10502.7985150574,-7521.933428098,24.5538578537498
-2645.04985026099,1555.77229095509,3840.06455150885,-6527.22033584522,1408.78960035692,-3611.87017209681,3007.92000961638,2892.16178997599,2734.73425304348,4915.73819437881,-3169.58420829889,1709.61590497868,1279.22516753261,-7982.4970898208,-2140.95257569344,264.104660209355,-4754.04137238329,5610.38689887363,-2645.04984949863,11463.7073219081,10732.1129096661,4316.80357605434,-21186.98570274,-4634.77204279105,-4658.82704165696,9097.56592781775,10895.3333145093,4180.2168470044,3454.20363891233,-41494.0124860072,-3062.93733583413,10434.167033573,10195.6923935423,3172.63409963973,-21396.8433470107,-4455.14050993478,-4685.04540134628,9183.79463856042,73806.6374982968,-23515.5500187574,-22684.4333616358,-5337.25749715014,-4134.91144509646,10320.5580001844,9417.59695302517,3076.00466483007,-21736.7322046608,-3762.01078337807,-3824.18744650251,11080.3699394463,18.6771758772518
7935.34628298528,2489.92019505845,-1686.14089958788,-10832.6594866251,2013.0543113958,4998.75005056757,-901.381339751248,753.978027291168,1658.87445447753,6336.69084333663,-3612.2648755847,-3367.60103816649,947.097174428669,5845.47314455156,1095.17613379779,2603.25897043268,-4376.78005039371,-4938.6640909947,7935.34628210108,-5193.43818793057,1906.75166350869,9171.88386434758,-6065.33882337205,-20723.0447617495,10557.5742114299,-2222.34414273475,2579.08938303892,10330.8099361004,-40327.4240776981,4340.42026293917,9032.1175623502,-3026.02479666944,4470.0739920195,10827.8993784786,-7291.76792930187,-22358.3965538181,8551.51454805586,-4259.09600522506,-23515.5500187574,75408.0146559151,-3676.59278698256,-21026.3947099388,9700.03434438912,-2835.39939134127,4090.11069105141,10348.6379233882,-4620.36846536085,-21459.7911487542,9473.71017880556,-7085.14488550403,23.4026479851437
9258.44407091963,1926.39771411984,3907.79114672529,330.581641789903,700.235795991938,-3456.62891725664,3791.75651708706,4671.8628689253,2636.18228050192,7445.80537268517,377.908446563223,-628.802858053167,569.749998848335,-3507.06266937614,-8683.1445996652,86.4795635895255,-10254.9478332083,-662.2615946557,9258.44406993523,3585.89366407564,-6660.94259183124,10654.2325690287,-5832.92540516205,10042.6635605658,-23476.6554310882,-3896.93678690963,3040.2015671447,-39622.261329827,9065.65485381289,5036.71654969813,10651.3021066999,5773.43758901347,-3860.70229296108,10627.197195423,-5936.48967439144,10312.4718842855,-24346.1326859292,-3970.19240593822,-22684.4333616358,-3676.59278698256,73061.0826138525,-23100.9600622198,10299.2679436765,5436.4164593585,-4887.1539125581,10038.477341138,-3132.73399561949,11015.7479961283,-22990.1992016678,-8334.24298464719,21.3458638961483
3346.07168188952,2641.22230958811,4672.39894153394,-4981.04872451823,-1851.70125825906,5003.23351368004,2394.629268642,5455.11167099104,-2322.49441840384,4728.51728202532,2909.45068220351,-2539.71655780771,175.214214191125,3404.03140923281,-5246.44639942684,3211.12997114235,-10629.0950840017,-10682.0615829024,3346.07168219708,11512.8909005221,8665.02272482892,-4000.67758661608,9833.75677059601,-2261.10975525339,-4121.40636740481,-20954.0879495124,-39544.7356710493,5023.13162962089,3965.18487664064,10649.4922567953,4205.45526813394,12237.1697055072,10648.0321455457,-3122.46187810824,8346.28733667762,-3420.40831008379,-7046.6988548666,-22377.3768834595,-5337.25749715014,-21026.3947099388,-23100.9600622198,73755.6649101405,3867.03953750125,10756.7058770012,8348.62483150409,-5390.43133562616,9855.68552929565,-3465.50821644168,-5840.80137027971,-23694.3464542976,22.9433266978589
-4727.02734688332,967.533305390921,-557.707288406549,3382.42003987929,-3870.45103255736,2640.14237890469,2839.2312593979,-10152.2860600078,3650.79220366337,-1179.48812326866,1116.32375558963,-4686.94332206679,3462.72800074782,-6676.8116939783,4461.04600406797,-2144.6658550921,2553.21176071303,-1127.94863295935,-4727.02734611721,9985.97204416659,11135.3708859152,4425.25543323196,10911.8572293375,4124.20552887099,4729.43261466387,-40656.1699941732,-22213.0435093991,-4848.29550623418,-4213.40610990456,9867.01263989278,-4263.21289806636,9609.04538338979,10294.7470424037,3692.5259744311,-21377.8266600426,-4550.47768975829,-3595.28096751627,10155.081946228,-4134.91144509646,9700.03434438912,10299.2679436765,3867.03953750125,74070.9400693429,-22339.0175214767,-21685.9444370203,-3020.3959533503,-22331.5809597787,-3711.91938776688,-2819.51185404773,13670.1342691733,14.8340957350925
7118.49445996852,202.091777152095,2796.31820390263,-790.686179475885,4637.21167912432,760.646054168303,687.491276604969,-10555.4377916753,2124.72390999358,-848.502468307138,-3738.2733450898,-9643.43579548796,2974.46521024296,3862.15212674185,-448.430817745661,-4018.85848725621,6563.24185349526,3371.59685764362,7118.49445888261,-6600.94365150764,2746.37051283743,8462.46706181679,1677.20935360316,10268.0380642497,-40454.1430034519,3996.84260706172,-7457.49931167797,-22653.0855617992,9635.14731938636,-4214.56964477511,8172.41445180095,-4074.62655032872,3474.27932557738,9013.13938504618,-5377.14730234927,-21997.2867618973,11735.6231452866,-2848.25692454931,10320.5580001844,-2835.39939134127,5436.4164593585,10756.7058770012,-22339.0175214767,75430.6323925958,-1827.26972830619,-20124.3266769082,-3399.70607336567,-21541.2735792957,11099.1321967004,-6653.72745235919,13.8924506682898
8406.74519457342,1213.94533865268,-6416.3506748135,3719.86937549565,4816.65455957499,-101.748282099329,-2790.49480887452,-11205.9134151687,2832.32228464281,-588.905581845322,6462.59375500997,454.583547867083,2201.18630752967,-2908.96577617364,-1925.7453584438,2261.03730211233,-1017.87257203626,3905.86977079717,8406.74519380022,2413.53859963643,-6243.88627625693,9948.0376854462,1673.26994057354,-41460.8481301188,8132.76568013969,2907.30573220538,-5414.23369448805,10838.2155468722,-22140.7856316407,-2357.27499310134,9948.39279806817,4126.65086565283,-4051.42029049071,9396.82597556658,-5949.39764244866,9970.81301337657,-22543.3601701883,-3798.90743322105,9417.59695302517,4090.11069105141,-4887.1539125581,8348.62483150409,-21685.9444370203,-1827.26972830619,75292.7092941293,-20691.7605129442,-2554.68454953933,11138.6061705684,-21683.3395134166,-8078.75302267753,18.6801423361928
2978.94882118801,371.090374617233,-949.657326638421,3114.47484866279,5799.12994612205,-445.796803696162,2714.86927561034,-10246.2075158852,1180.49069094574,-4545.77875092843,4669.46364997465,-6894.58734965642,1347.69609410198,3495.54399885081,-3201.46133611977,-339.935149790103,1928.86240350188,1663.38373892566,2978.94882145282,9849.12603467022,10358.6221655084,-5171.59490265692,-42505.8552870003,3247.68720589064,3174.43777391708,8949.19440646691,9887.48004873826,-3337.46518341293,-3925.42940730623,-22020.4865280412,2536.5974304419,9807.06704976865,9374.78085872649,-5817.28122271312,10170.0622148773,-3395.58400249342,-3029.15820255623,-21703.795081796,3076.00466483007,10348.6379233882,10038.477341138,-5390.43133562616,-3020.3959533503,-20124.3266769082,-20691.7605129442,74640.7471537849,10976.8729278034,-3691.01096174717,-4196.32617175849,-24034.3722008791,14.4045388138793
7359.06384412765,-255.880876278897,2517.48805375355,-1597.72608327517,-12.5773814103715,3341.2005659582,2415.30961437619,-2865.514134742,-1107.39908802665,-3483.60874146132,-3272.88496749984,877.998591135445,224.73624893529,-13378.148797417,4652.58753197077,-2368.92152511857,6015.10757695729,6875.36018124725,7359.06384307583,772.037607510392,1925.7973633595,-40277.5208283406,-5381.61231921003,8679.69549553466,9876.23716572177,4034.35474521727,-6674.22695593388,9081.25912365105,9825.23789220744,4405.31186303301,-21318.4092693037,-3672.98816376523,-2413.58889820427,9784.32593736303,-5492.32040126183,9115.11823845167,10503.2683286483,5254.33159888723,-21736.7322046608,-4620.36846536085,-3132.73399561949,9855.68552929565,-22331.5809597787,-3399.70607336567,-2554.68454953933,10976.8729278034,75441.9850052875,-21888.9257041283,-20471.6998502115,-7459.67463959522,12.2121592772113
2075.27806879412,193.6253594195,2906.13146633261,-7004.17090775229,467.195672972778,5189.36318687913,1035.03981894332,-5138.65502219333,404.812162504543,1614.07307765351,-4379.97150717706,-4782.02525706962,298.830723122976,-1817.9279832254,4151.57014252009,-999.835197768971,4899.02445610296,522.214249499498,2075.27806909423,9203.55174888544,-41620.1213287123,3289.14879311878,9995.00444309593,-3497.65580636582,4559.46784594708,11234.8982447369,9087.57726796239,-5066.18561112418,3922.91758861105,9720.37975372983,-4845.39359684694,-22800.9288261227,10643.9144883726,-4987.59916277727,9912.98859903379,-3892.20089398685,3790.13571267174,10828.6236692327,-3762.01078337807,-21459.7911487542,11015.7479961283,-3465.50821644168,-3711.91938776688,-21541.2735792957,11138.6061705684,-3691.01096174717,-21888.9257041283,73223.0858727583,-3757.82527198015,-23287.5484940775,13.1593940279055
3057.61010568067,259.432408876443,-1099.57350603582,2785.8352816443,-1922.56370884983,1694.67212763691,259.873406025655,-3982.65172104419,-767.561790752947,3294.10467104861,2690.98359061362,1885.90366738589,2651.01148376744,-11531.4334709827,-2004.91186975167,-803.214722264484,299.087333661107,3639.25506603053,3057.61010607826,-41967.1352097029,8975.41047486014,4568.2847813011,10130.3352645676,2938.36575543721,-5247.60202027433,9659.36211343552,10689.691603204,4140.914599172,-4293.60183904526,10973.4914520521,-2471.34698022482,11125.5223024074,-21565.7351958603,-4686.22387208443,10364.7330820627,3166.31572934607,-4683.17686365288,10502.7985150574,-3824.18744650251,9473.71017880556,-22990.1992016678,-5840.80137027971,-2819.51185404773,11099.1321967004,-21683.3395134166,-4196.32617175849,-20471.6998502115,-3757.82527198015,73746.1938290435,-24519.0176755111,13.4817592626008
-32386.8163498599,275.949291015576,3485.69448380031,-1820.86859271282,-5515.11778202997,3075.87482910398,4392.29380514317,-5261.17030459794,-627.37120006673,3303.26500147101,4913.43727746413,-5793.64979015222,1997.86110915088,-599.492646926286,-253.95753148602,2458.01447751559,-2352.82309815787,-6917.34923193621,-32386.8163489742,11482.7506444123,10622.466200707,11698.4686242336,11075.1367184298,12976.6429279789,12224.2742805701,-6686.20751403329,12475.3817023749,11792.5565085715,12081.9986665939,-7850.31632829767,11649.545155058,-7283.8853058914,-7541.41661827736,-23732.6994317093,11629.9347790562,12695.6419662628,10598.2683107777,-7521.933428098,11080.3699394463,-7085.14488550403,-8334.24298464719,-23694.3464542976,13670.1342691733,-6653.72745235919,-8078.75302267753,-24034.3722008791,-7459.67463959522,-23287.5484940775,-24519.0176755111,86022.7583444447,8.6089220837911
8.30775447822868,-60.1153602635871,-37.6460268866665,-35.989868086162,-25.6661851648122,-40.6995259858443,-39.6561202214814,-24.7919235574344,-15.3735827643654,-50.1516642893843,-38.7033084742054,-20.7363286294747,-39.8059598102413,-22.949742445249,-21.1770168122757,-41.3324232840047,-18.353245428957,-19.1234269409352,8.30775447702341,13.1366221865864,18.1883785057714,20.926246721781,16.0739207513536,21.4070422172528,21.9761394015895,22.7310855747757,14.3046678278173,17.7567225601171,18.4577561108309,17.1272006721032,13.4911350883994,20.005309185969,14.786274145369,14.0299495012562,13.4324730461015,18.8288623561002,19.800079721539,24.5538578537498,18.6771758772518,23.4026479851437,21.3458638961483,22.9433266978589,14.8340957350925,13.8924506682898,18.6801423361928,14.4045388138793,12.2121592772113,13.1593940279055,13.4817592626008,8.6089220837911,-257.21796815625
-0.0467443521743611,0.00235490504603401,2.22338608006927e-14,20.5306214301469,6.2689306260092
507217.818473708,-4498.0547777757,691.461520495514,247.099110418618,646.603243634827,1292.15756764403,150.151649042976,601.325571564759,-150.395086656878,1179.32053508274,345.355917858975,158.239367676168,-1568.52320132636,266.429046054903,144.015738109789,418.954329938173,1669.19802948224,676.502832166216,-492782.181519102,-16819.1423486444,-16744.0668505425,19039.0224772405,-16909.8106910423,18805.7180583407,18896.0345999241,-21205.6280882498,-16919.8505706203,18835.5724818632,18834.5373431197,-21038.2756193313,18886.1391160864,-21057.8480415234,-21061.8030567788,22981.9425931094,-16941.4482116468,18931.8775581763,18731.6663549447,-21129.5909354767,18844.3996321037,-21105.0669243135,-21164.444038798,22829.4290152943,18881.2422301799,-21045.3283809776,-21174.3104196122,22950.3435425869,-21029.6676732795,23105.6466556157,23093.0035782676,-25005.7717340331,4.44729833162341
-4498.0547777757,803020.004262485,-714869.668440124,-697019.867117466,18336.8711603882,14489.1741399831,21417.6802690072,39353.1637312648,23626.5263818798,60842.0068522988,21712.1549481898,17447.5631101374,22511.0301560664,59692.9114647654,5974.57171540171,23364.0193711709,28073.5122205716,18848.390196496,-4498.05464622219,-10517.7782486797,24651.0208860533,-14325.9220366101,-10621.5013828476,18916.4482590399,-10687.7869619412,-16077.005743646,21498.0793824232,-10881.5810552509,139846.705994841,23038.2676056903,-22824.0105370298,-10135.1661551663,22007.9961361524,-10503.6921403439,-7251.85877955585,23517.6695726739,-14805.088808143,-15212.2858979822,22334.8348568496,136183.991052333,-13463.8254278314,17070.2478081948,-13871.434754665,-12676.7161875386,17766.0018111189,-15606.7802509866,-24030.5357700396,23383.8834290601,-9465.30194575079,-5080.80970894,-542.301861090638
691.461520495514,-714869.668440124,73719.4280768869,204293.217005488,33875.9119920407,24410.0591414396,33307.9662473545,61647.248232282,74741.0764866293,169298.160689258,11272.4409517513,-2958.783573482,79375.6150229635,153855.940465205,5931.62550505061,35577.5073014525,42973.3484082255,22083.23045592,691.461405481204,-2456.09228803845,-6532.77070213612,-17577.582953039,-514.734532903125,-12570.1087468372,1976.4811697259,-8416.9776228269,-11806.4807770917,557.185664301437,-18712.3822268545,-9836.20688462895,-38779.7633557005,-989.127807295039,-11378.4835599573,-1802.21297672557,3375.10269473717,-5995.38605680286,-9848.07178849324,-17973.9809960812,-12863.9703372871,-37190.0519484582,-4568.79878572471,-16260.6994894592,-7995.01397943773,3781.07288702038,-13885.064616064,-13302.8340268343,-41979.5176340298,-2412.07231591543,-1303.30156316724,7344.59866168634,569.519372639954
247.099110418618,-697019.867117466,204293.217005488,199199.705873058,29138.4702111915,29016.5757726891,32876.2549007612,60189.8125668923,28031.5386682765,82690.7507740945,44677.9762126317,34644.5961547636,14769.1598922017,87502.5477296494,20319.9000507696,48094.578363789,55121.0077999476,32251.9372577921,247.099017649841,-1687.12499024442,-6850.00245277521,-3805.77762359538,-2770.75561746268,-16109.7376349473,-2345.78494951175,-10483.6674621764,-13290.7263867961,-3416.22998868143,-40784.9244299691,-10151.7362154318,-17233.5830198856,-695.264921557339,-11464.7218649345,-325.417496047139,3166.29896039213,-8722.16274825313,-9944.49369090567,-7928.16680047253,-10212.2273844525,-42212.9547255763,-9934.23110138721,-19992.5830925667,-5674.47887828743,-6854.75578357997,-18598.9727934611,-7932.24551252009,-20011.1310284098,-8933.70990984521,1221.48750465711,7687.42179408645,567.597424271772
646.603243634827,18336.8711603882,33875.9119920407,29138.4702111915,-36601.7766512594,-24290.1839600867,-4665.35043009084,-11916.3915000082,-7485.27284734954,-5584.48971080712,6991.55226558239,-3410.88449663785,16949.4657772493,-2337.1555222681,-10599.1846115765,-8268.7124149907,-5568.71581395425,-9073.20019084937,646.603238270234,243.783500753807,-2354.61070608024,-1184.39489292396,61.582020160819,-629.287365911444,1233.85532321342,5391.28116473943,-606.622466001212,1171.70779620626,-7031.30029593843,-892.502648647637,2518.61679629499,1233.36441317237,3459.72046044153,8118.41845976904,3599.84952987694,-429.828446982417,3671.12525509037,1323.09154072914,-86.8405387048372,-5414.42792502391,2742.67634330307,1966.30015990132,1432.02109186192,1930.71364944233,814.008798182997,1847.32193262904,99.5378819321172,-1372.1314610094,91.23711423045,267.573776813635,-36.013387641035
1292.15756764403,14489.1741399831,24410.0591414396,29016.5757726891,-24290.1839600867,-32976.7091485139,-4075.95197779594,-9941.64056261192,-5043.97291786078,-13406.5030748173,-4595.0391254385,-8027.96927411707,28841.6095012862,10643.6390885813,-4378.20589477883,-1825.44460404595,-11683.2874885765,-2279.08527126034,1292.15756124114,-39.9333095302332,-1986.53022119101,-2452.64901498169,1846.39692945372,-263.641323086683,1999.09668384704,2623.6492318585,-101.239537322615,1236.5148309768,-5398.01074187004,-1108.02647810085,562.410644562901,1361.28257197546,1911.1222971349,5254.91335090497,5030.08961949484,-81.5957820485044,3430.35743574527,1052.61513705348,509.704705291026,-5272.50742167607,1823.53036901808,-516.154823101947,632.454845898625,2664.31518988814,1079.54303394107,2058.61977790201,-4064.33239005131,-560.33497420702,-770.419941380485,77.3798306408211,-24.5154812756843
150.151649042976,21417.6802690072,33307.9662473545,32876.2549007612,-4665.35043009084,-4075.95197779594,-41556.0755644942,-23836.9653180427,-4887.00472684585,-5111.77066923605,-2338.40920973531,14484.2005348766,-14851.4932347235,-13542.0776360569,912.389950926473,-3336.77585162417,796.12607665964,3063.81964092265,150.15165226891,3499.79321042126,-817.30531556426,1757.95638475178,767.283300891288,4799.38602838929,385.445121362538,565.63861794259,-981.129557004287,1020.30697528316,-6290.54457644311,-988.637222461594,3018.38147578021,3068.42106274606,-741.355926832453,916.101643068801,267.030930638393,-1589.59561039341,1198.37900058812,496.061522790924,-865.288301944731,-5371.77008712423,420.548444097325,-2542.15640766991,3302.55683598805,-1741.85448068726,3765.44196035237,2753.96387585726,3898.32732792566,-2913.26441756387,610.175090079655,-625.163208440253,-19.7620833724271
601.325571564759,39353.1637312648,61647.248232282,60189.8125668923,-11916.3915000082,-9941.64056261192,-23836.9653180427,-38948.4732385859,223.869823346028,-20585.1878027662,-9751.44522741384,-9021.94980745996,-23367.4015880915,-29324.9496181852,8910.47553917885,-3867.93954208791,-10662.8830888585,-10279.0889723707,601.325572809906,2116.77482770962,-1173.58532076296,3509.90239133114,1777.78679837732,2833.85037680483,2153.8340008745,5641.90342385741,-2220.037579598,752.263348548605,-11842.242168567,-2055.80676928774,3703.28273730281,1853.34707880171,-1836.85955173363,2212.8771642269,659.058478353756,-1921.9965456176,2379.15091970106,1896.24952522321,-1104.44379165525,-10001.8402470706,798.825613458775,457.443214040878,6028.18902921127,3674.22269873559,5962.33028335775,5374.44623488683,8492.38055243972,-899.00840686366,1531.02655144243,-776.229638385805,-47.641102091787
-150.395086656878,23626.5263818798,74741.0764866293,28031.5386682765,-7485.27284734954,-5043.97291786078,-4887.00472684585,223.869823346028,-38269.2676679709,-53707.6731062689,1579.98176552245,7363.9711561056,-7797.01271856091,-28379.3990674029,-6137.49157309052,-5345.00839905583,-1469.64699284083,4283.23301748341,-150.395078276471,1000.35375203806,-2258.56843775416,5134.48147145582,466.497049771762,-1811.95371267641,-488.908010613036,-180.134964597558,1286.94354762016,751.418541832448,-12982.7497898168,62.1391943030593,15298.2155746915,2019.5649313431,2024.09442224574,1864.89425490183,416.247818718623,-1175.39756368086,2916.94826234495,6938.71870889615,44.3166893876014,-7689.650340216,1302.70172957984,-1660.23832463631,532.04103796162,-1703.06018190754,-3009.16406131467,3778.23138721662,8848.67720693376,-3176.13430946691,667.174081024415,-245.357082649622,-26.9629635912542
1179.32053508274,60842.0068522988,169298.160689258,82690.7507740945,-5584.48971080712,-13406.5030748173,-5111.77066923605,-20585.1878027662,-53707.6731062689,-132980.90040499,-2475.58914344182,10659.7569870001,-14880.9641953168,-76304.0350116376,10482.341439171,-7088.74723551975,-37496.9785762694,-12276.068050758,1179.32055185532,2009.94246522792,-4750.57257408173,11610.5139969979,3156.96349893502,-1809.60310982705,-771.331143949111,4379.21392594843,1943.08824575388,1197.5678578469,-30236.7497410839,-1542.10229364538,27868.684817608,3106.04798815618,-1183.76116101173,899.901506676005,796.12858931885,-4844.10970334942,6603.8748720567,15391.0719635026,61.4286367105838,-19455.4278180041,1484.65887942208,1601.92415909083,4752.17022079742,-3564.94004085543,-1554.650660898,10983.2610732865,23281.3885899998,-7424.97398326224,2604.85157559938,-1027.21147989819,-68.9822287588204
345.355917858975,21712.1549481898,11272.4409517513,44677.9762126317,6991.55226558239,-4595.0391254385,-2338.40920973531,-9751.44522741384,1579.98176552245,-2475.58914344182,-33827.5809798865,-29233.2681812139,4243.81247837569,-1740.68852445649,-3009.68905047889,-9808.80280932367,-10880.6679271261,-2152.82068520065,345.355914272027,609.430567770136,-901.950057263402,-730.450169028671,3545.84710068784,1095.78410564424,4183.14337110145,2134.98747803086,-5.84638189611638,2356.26823277282,-2880.78544210911,-987.157124511391,372.549388992117,986.257332360769,-1441.12855954347,-1887.31370889257,-253.219489267454,367.900384421095,2282.95235204588,254.259911686295,-1108.55783644897,-6410.41796438865,4066.94478269833,83.9963858056274,1140.91609265821,7674.28886657835,1326.89089856327,1291.41593889633,-228.172373369904,2826.39280842508,-134.31075967319,-985.545723214511,-29.8801545735862
158.239367676168,17447.5631101374,-2958.783573482,34644.5961547636,-3410.88449663785,-8027.96927411707,14484.2005348766,-9021.94980745996,7363.9711561056,10659.7569870001,-29233.2681812139,-44244.0765166355,2541.95133972632,8776.75337224444,-2914.7888493544,-6098.24689035253,-3516.15593424198,-6218.03347321881,158.239359662435,-1189.21755541938,-85.9975905414753,-1554.54561313946,2374.22725571508,-1163.74802065423,4644.12201153861,4104.33892636896,-1018.35944608609,1482.52441518517,-302.822847942751,-757.643746036787,-3472.66834254677,-497.446957558,-197.032398620572,536.633447058802,435.322622325692,1711.56374190051,1395.92915422443,-1334.77995566504,-1166.74414295771,-4027.45407793188,3063.98013801359,1224.76186138172,785.090128039164,11276.8396681193,1598.71932590067,468.765244539987,-3505.2008691029,5569.21156292987,-524.096026247892,-465.386298269246,-29.5838231084264
-1568.52320132636,22511.0301560664,79375.6150229635,14769.1598922017,16949.4657772493,28841.6095012862,-14851.4932347235,-23367.4015880915,-7797.01271856091,-14880.9641953168,4243.81247837569,2541.95133972632,-149972.803098537,-64668.6911848449,28723.631665054,18695.9006572177,47778.6095072072,17090.0785187876,-1568.52318388228,1670.28531197539,6762.0441912429,17063.8792847045,-2058.66015283456,-626.904060676032,1017.98808216879,-562.662283592463,-6943.22663460997,-5765.47885845713,-12329.0940477344,-211.154019038612,7098.63724757254,-1773.14211563556,-4092.38884873719,-3119.19766888506,-4651.12444945221,-1659.1081995765,-5108.50843845543,888.545571469771,266.545964386795,-4955.68653442994,-7382.65377009435,-8110.23073634601,5514.08130447261,-1426.41976782117,1387.58793429504,2334.22455451,21279.3904714652,309.492280300281,3127.80873794067,-790.322460980151,8.35182828612784
266.429046054903,59692.9114647654,153855.940465205,87502.5477296494,-2337.1555222681,10643.6390885813,-13542.0776360569,-29324.9496181852,-28379.3990674029,-76304.0350116376,-1740.68852445649,8776.75337224444,-64668.6911848449,-100168.624062072,440.147817171407,-21241.6429347804,-20417.4106185595,-14208.0573855007,266.429062752602,3836.41639407539,-2490.34246624539,13637.9735780022,1654.96264815429,-489.959131287397,233.357609132731,6124.14721766229,-1261.35500808706,1454.235021782,-27873.1879450802,-1727.21206017305,22201.0039313685,1454.66941641879,-3354.88733182659,-72.7302628284446,-3020.01268735079,-4925.00238054532,6075.2537990467,10911.5435035293,-572.16909909498,-19467.1715636514,4550.87955290452,2863.78614344795,7526.30578354876,-2031.85031246515,-27.6334578868318,8163.81736997598,30997.0230094717,-6370.83425244776,4653.2662481486,-1766.35974835967,-71.6005700995362
144.015738109789,5974.57171540171,5931.62550505061,20319.9000507696,-10599.1846115765,-4378.20589477883,912.389950926473,8910.47553917885,-6137.49157309052,10482.341439171,-3009.68905047889,-2914.7888493544,28723.631665054,440.147817171407,-32726.4601481186,-26174.8540597943,-9570.50739097682,-4574.3065176193,144.015734037338,1618.93848772338,-2815.71981339442,-2495.26736504384,303.555531576128,-890.011273500738,371.577078403247,1031.19447948169,1622.68521276059,4283.50596305778,-2068.81358678463,526.838248217267,2405.03673912424,812.754400497016,1560.80188558955,1941.22473771543,467.478119866569,691.575099495462,5257.58000691217,1888.567916798,-774.292482399601,-3952.5653810315,7906.99229284738,3259.52511150685,-1165.90106091069,2263.60100392055,-2784.7110156907,-536.28795434681,-799.022444037652,-1146.41101567813,-203.507921223808,-478.548060533414,-24.762139544315
418.954329938173,23364.0193711709,35577.5073014525,48094.578363789,-8268.7124149907,-1825.44460404595,-3336.77585162417,-3867.93954208791,-5345.00839905583,-7088.74723551975,-9808.80280932367,-6098.24689035253,18695.9006572177,-21241.6429347804,-26174.8540597943,-31066.667594127,-21864.7785286198,-13511.5337864983,418.954328346958,2328.52886856128,-3502.11547815155,-236.023912417766,1509.55217437574,149.480001304621,1085.9244853875,3980.12711904801,1295.6784796717,4643.98203107158,-7695.2334548333,-384.568924638746,5544.17323076743,1204.8838291505,-200.616374722377,1144.97790347585,-505.991068317865,-816.685416721375,6675.64885517303,3916.75788234524,-1279.89106467368,-8813.66457393544,9109.86100760368,5385.26183818315,1276.90037045627,2871.755418769,-1105.22456938726,1780.12787340236,5698.14928346078,-2049.42897094436,925.373538107763,-1008.46008266668,-46.7100069934294
1669.19802948224,28073.5122205716,42973.3484082255,55121.0077999476,-5568.71581395425,-11683.2874885765,796.12607665964,-10662.8830888585,-1469.64699284083,-37496.9785762694,-10880.6679271261,-3516.15593424198,47778.6095072072,-20417.4106185595,-9570.50739097682,-21864.7785286198,-52150.5564262105,-26649.0866188362,1669.19802730297,1705.91955579113,-5003.008216634,-1784.69173187618,3357.58926210664,1468.57552336878,360.590312519681,6171.001567943,3090.56647934516,4652.83879391037,-9268.389852253,-1362.25299048367,6124.56302529402,1768.67691500524,-1677.08098272042,283.719176043963,744.306458895222,-2371.7911333362,6418.01484055385,5485.46890184666,-1037.73128126555,-9676.25021257544,6626.68707437268,8255.48149073693,1998.63149529623,1092.91797211142,772.329410113309,4051.89412929097,5138.76591944201,-3392.38534779843,797.87467521994,-943.155894590735,-52.4516189139254
676.502832166216,18848.390196496,22083.23045592,32251.9372577921,-9073.20019084937,-2279.08527126034,3063.81964092265,-10279.0889723707,4283.23301748341,-12276.068050758,-2152.82068520065,-6218.03347321881,17090.0785187876,-14208.0573855007,-4574.3065176193,-13511.5337864983,-26649.0866188362,-22833.3024399927,676.50282973917,764.255967639327,-2381.23844657255,-431.184026635632,1000.01997759187,854.595299772356,291.951872848482,6363.06264020478,929.680031470197,2267.39302107502,-4849.59227335906,-757.183974739815,1869.31637638007,466.277636760965,-684.204503536487,1514.61721600912,-395.023442604662,-1324.09868847238,3212.89825715671,2392.84818298457,-1208.40537078879,-4929.27472616957,3614.70191118906,6937.95724794611,1789.36133585419,1721.66010117053,1278.94512165572,2098.88356770439,3646.54513544081,-1275.0079591034,725.763892611126,-424.632738684982,-36.4346565632689
-492782.181519102,-4498.05464622219,691.461405481204,247.099017649841,646.603238270234,1292.15756124114,150.15165226891,601.325572809906,-150.395078276471,1179.32055185532,345.355914272027,158.239359662435,-1568.52318388228,266.429062752602,144.015734037338,418.954328346958,1669.19802730297,676.50282973917,507217.818488088,-16819.1423640575,-16744.0668613287,19039.0224856087,-16909.8107056673,18805.7180742937,18896.0346123456,-21205.6280999147,-16919.8505811091,18835.5724940747,18834.5373776065,-21038.2756275912,18886.1391230858,-21057.8480542176,-21061.8030643287,22981.9426034098,-16941.4482255323,18931.8775747963,18731.6663667712,-21129.5909499628,18844.3996477236,-21105.0669164526,-21164.4440503525,22829.4290296151,18881.2422409854,-21045.3283912564,-21174.3104272858,22950.3435506248,-21029.6676912918,23105.6466704115,23093.003586714,-25005.7717440125,4.44729823500857
-16819.1423486444,-10517.7782486797,-2456.09228803845,-1687.12499024442,243.783500753807,-39.9333095302332,3499.79321042126,2116.77482770962,1000.35375203806,2009.94246522792,609.430567770136,-1189.21755541938,1670.28531197539,3836.41639407539,1618.93848772338,2328.52886856128,1705.91955579113,764.255967639327,-16819.1423640575,28853.0306781037,37968.5490342968,-34109.9964270083,37769.5047794228,-34270.4935401327,-42058.2407242558,37767.8194356945,37724.6940895424,-34079.4738242193,-41618.5900380567,37945.4242213256,-42882.0085814281,37766.0549566521,46230.719157781,-42143.503611807,38029.3924317084,-33650.2177821435,-42558.0458511478,37611.0599882744,-42077.756071586,38285.8819541402,45626.5209499941,-42540.6799688935,-42404.4652138544,38155.3373738552,45876.7883764987,-42560.6215543351,45111.9103783918,-41889.341596363,-50260.5666011439,46505.3217756212,10.180220001087
-16744.0668505425,24651.0208860533,-6532.77070213612,-6850.00245277521,-2354.61070608024,-1986.53022119101,-817.30531556426,-1173.58532076296,-2258.56843775416,-4750.57257408173,-901.950057263402,-85.9975905414753,6762.0441912429,-2490.34246624539,-2815.71981339442,-3502.11547815155,-5003.008216634,-2381.23844657255,-16744.0668613287,37968.5490342968,28999.5431193462,-34182.5947252682,38036.3227451866,-41491.6298937728,-33863.3223649927,38496.4166602762,38760.3689354871,-41582.2113790363,-32524.0985846415,38349.4930261074,-40941.075655409,46380.3433376979,38652.5210436754,-41952.9708084168,37913.7403996109,-41780.3396228339,-32917.1472850924,38674.5847583318,-41702.9582627935,47602.6252036124,38915.8347068732,-40910.7289973444,-42029.8748034166,46209.4884821655,38457.0232350819,-41829.6315360767,46649.3410417227,-50141.9326717497,-42294.9056245745,46058.6129196707,-21.6015159127913
19039.0224772405,-14325.9220366101,-17577.582953039,-3805.77762359538,-1184.39489292396,-2452.64901498169,1757.95638475178,3509.90239133114,5134.48147145582,11610.5139969979,-730.450169028671,-1554.54561313946,17063.8792847045,13637.9735780022,-2495.26736504384,-236.023912417766,-1784.69173187618,-431.184026635632,19039.0224856087,-34109.9964270083,-34182.5947252682,26751.4079253263,-41988.0676032447,38135.443996857,38104.7694448694,-34183.6544734491,-41701.750343601,38451.4321356747,40906.4285639942,-33965.3352889688,43148.9681000592,-42208.1944908466,-41871.2531733332,38480.2870924673,-41511.659835916,38436.9776036748,37910.0677157796,-35260.0809434052,46017.2958262539,-40964.485359594,-41817.2509060983,38526.8246027127,45316.6568300946,-41669.8903336563,-42243.2865538517,37176.106578254,-54441.5995673673,46855.8362810002,45819.7219509475,-42133.3873531576,10.9043765464888
-16909.8106910423,-10621.5013828476,-514.734532903125,-2770.75561746268,61.582020160819,1846.39692945372,767.283300891288,1777.78679837732,466.497049771762,3156.96349893502,3545.84710068784,2374.22725571508,-2058.66015283456,1654.96264815429,303.555531576128,1509.55217437574,3357.58926210664,1000.01997759187,-16909.8107056673,37769.5047794228,38036.3227451866,-41988.0676032447,28845.5834986766,-34069.0536567362,-34108.5658527031,37626.4744950194,37625.0031409936,-42391.7615551699,-41904.5488290975,46210.1997089527,-34218.9997516787,37843.8992975213,38051.1592826618,-42100.3197964486,37776.0909326507,-42096.081460294,-42552.9649802228,45864.902196536,-33809.9512911504,38354.1737623065,37482.2574045379,-42552.9254570505,-42275.4064071307,45593.9099536536,45847.2080908905,-50508.6647805052,37679.2210647232,-42362.2851178035,-42193.2691616074,46489.9648820702,10.8572287083175
18805.7180583407,18916.4482590399,-12570.1087468372,-16109.7376349473,-629.287365911444,-263.641323086683,4799.38602838929,2833.85037680483,-1811.95371267641,-1809.60310982705,1095.78410564424,-1163.74802065423,-626.904060676032,-489.959131287397,-890.011273500738,149.480001304621,1468.57552336878,854.595299772356,18805.7180742937,-34270.4935401327,-41491.6298937728,38135.443996857,-34069.0536567362,29060.6240321513,37806.2709793875,-34289.3272484129,-41557.4743173167,37690.5796280373,48762.9922414774,-41583.2087118058,38389.4739305557,-34383.2760628433,-41453.2236548484,38198.7241545364,-42126.6241052744,38656.8762809551,46076.7417038977,-42081.9467753779,38675.3259198834,-31116.3764354878,-42379.3933660114,38540.8223775862,45697.7237957257,-42275.3887412085,-50358.6139733372,46037.2297059707,-42171.8343208253,38810.1846740921,46170.8283560828,-42466.5783213589,-12.2053365617861
18896.0345999241,-10687.7869619412,1976.4811697259,-2345.78494951175,1233.85532321342,1999.09668384704,385.445121362538,2153.8340008745,-488.908010613036,-771.331143949111,4183.14337110145,4644.12201153861,1017.98808216879,233.357609132731,371.577078403247,1085.9244853875,360.590312519681,291.951872848482,18896.0346123456,-42058.2407242558,-33863.3223649927,38104.7694448694,-34108.5658527031,37806.2709793875,28797.7574778355,-34420.6710062796,-42006.451766883,46018.9224925766,37736.5955343274,-42212.4113346569,38221.4628572293,-42272.9990569378,-34036.5934508259,37988.5559985807,-42204.5021904467,45950.0572441993,37744.2470441043,-42063.1998217158,37980.0321975389,-42107.0134522662,-34342.0048717039,38114.5811983325,45974.0356646034,-51364.1919792401,-42660.9551689708,46223.8214115556,-42127.0399623614,45719.6434905974,38248.1636590203,-42216.3789588969,10.7288590314589
-21205.6280882498,-16077.005743646,-8416.9776228269,-10483.6674621764,5391.28116473943,2623.6492318585,565.63861794259,5641.90342385741,-180.134964597558,4379.21392594843,2134.98747803086,4104.33892636896,-562.662283592463,6124.14721766229,1031.19447948169,3980.12711904801,6171.001567943,6363.06264020478,-21205.6280999147,37767.8194356945,38496.4166602762,-34183.6544734491,37626.4744950194,-34289.3272484129,-34420.6710062796,27283.6755644526,46136.1774990157,-42775.1016595996,-40483.2096568511,38418.998237249,-43138.2879419616,37981.8015428055,38060.2561466915,-35083.8182989648,46101.3589878367,-41969.9502407876,-43292.6454093347,37500.4452455906,-42001.8376267218,39726.8255015747,37111.060432039,-35879.9909122404,-51026.8494280752,45233.8325155955,45587.9346904026,-43247.0246614578,44769.0171127413,-42339.8021969924,-42630.8974950296,38582.1326610915,20.4390755115889
-16919.8505706203,21498.0793824232,-11806.4807770917,-13290.7263867961,-606.622466001212,-101.239537322615,-981.129557004287,-2220.037579598,1286.94354762016,1943.08824575388,-5.84638189611638,-1018.35944608609,-6943.22663460997,-1261.35500808706,1622.68521276059,1295.6784796717,3090.56647934516,929.680031470197,-16919.8505811091,37724.6940895424,38760.3689354871,-41701.750343601,37625.0031409936,-41557.4743173167,-42006.451766883,46136.1774990157,29234.3580623588,-34250.4773897308,-31356.4891911578,38405.5453437815,-34379.4861737824,37721.3366641233,38336.2486462774,-42219.0899335886,37753.7042611651,-41549.593703339,-42510.9535219444,45678.2758982689,-41526.2698392297,48841.284544347,45614.4774769514,-50164.8059442573,-33545.1792798714,38147.9958793705,38855.3129252404,-42335.3706445973,38286.3126902575,-41463.963414071,-42285.4918082514,46139.754761619,-13.3592633135364
18835.5724818632,-10881.5810552509,557.185664301437,-3416.22998868143,1171.70779620626,1236.5148309768,1020.30697528316,752.263348548605,751.418541832448,1197.5678578469,2356.26823277282,1482.52441518517,-5765.47885845713,1454.235021782,4283.50596305778,4643.98203107158,4652.83879391037,2267.39302107502,18835.5724940747,-34079.4738242193,-41582.2113790363,38451.4321356747,-42391.7615551699,37690.5796280373,46018.9224925766,-42775.1016595996,-34250.4773897308,28647.9479593889,38082.2987680744,-33982.3031535669,37404.1909359341,-34146.2438618225,-42375.2658602131,38102.5483142509,-42066.7215731387,37942.448236454,45179.3075766588,-42722.572008481,46265.3975089086,-41788.9196015573,-51542.7379957948,45337.0314688124,37959.250969189,-34458.836105377,-42325.8540159079,37924.8695386096,-42437.6326654203,38280.1543511024,46362.8920933003,-42158.7268953356,13.3277730026004
18834.5373431197,139846.705994841,-18712.3822268545,-40784.9244299691,-7031.30029593843,-5398.01074187004,-6290.54457644311,-11842.242168567,-12982.7497898168,-30236.7497410839,-2880.78544210911,-302.822847942751,-12329.0940477344,-27873.1879450802,-2068.81358678463,-7695.2334548333,-9268.389852253,-4849.59227335906,18834.5373776065,-41618.5900380567,-32524.0985846415,40906.4285639942,-41904.5488290975,48762.9922414774,37736.5955343274,-40483.2096568511,-31356.4891911578,38082.2987680744,33823.9942203489,-31973.2708195857,44886.1724497129,-42053.9609892259,-31631.9746627579,38588.8246950063,-42638.8307769352,47476.811605398,40054.1695933768,-39010.1505109337,48691.6835198221,-42571.8073356538,-41054.6919217238,49779.2952515116,39489.3670494523,-42697.975647711,-31072.0759551404,40589.6637532331,-34759.4851833254,46985.8714776257,38347.6293746999,-43819.5952901918,-111.35764331895
-21038.2756193313,23038.2676056903,-9836.20688462895,-10151.7362154318,-892.502648647637,-1108.02647810085,-988.637222461594,-2055.80676928774,62.1391943030593,-1542.10229364538,-987.157124511391,-757.643746036787,-211.154019038612,-1727.21206017305,526.838248217267,-384.568924638746,-1362.25299048367,-757.183974739815,-21038.2756275912,37945.4242213256,38349.4930261074,-33965.3352889688,46210.1997089527,-41583.2087118058,-42212.4113346569,38418.998237249,38405.5453437815,-33982.3031535669,-31973.2708195857,29952.2090524683,-42139.5167823923,38151.368041112,38572.944828157,-34062.5660719111,46122.6973009431,-41863.253629127,-42185.2587136319,38168.0490628507,-49701.8886946819,48465.2850319787,46328.13839483,-41810.8966553285,-42075.4996365829,38267.2461751766,38951.1546169223,-33931.9912923026,46677.5032214204,-41960.3168404322,-42481.8633654913,38154.8222777287,-17.0170173964626
18886.1391160864,-22824.0105370298,-38779.7633557005,-17233.5830198856,2518.61679629499,562.410644562901,3018.38147578021,3703.28273730281,15298.2155746915,27868.684817608,372.549388992117,-3472.66834254677,7098.63724757254,22201.0039313685,2405.03673912424,5544.17323076743,6124.56302529402,1869.31637638007,18886.1391230858,-42882.0085814281,-40941.075655409,43148.9681000592,-34218.9997516787,38389.4739305557,38221.4628572293,-43138.2879419616,-34379.4861737824,37404.1909359341,44886.1724497129,-42139.5167823923,21736.6282137384,-34728.3414384634,-34168.5179233482,37745.1965662992,-41765.7263034754,47130.9259274856,44254.7169785279,-53896.6807417519,37967.4864288265,-37940.7698906296,-43524.4342826607,45844.6733917013,36933.5514842938,-41355.694952423,-41456.7333631826,44056.2697642099,-40666.632320385,40003.2967060089,37411.1656487872,-41978.3982501469,25.2962638120532
-21057.8480415234,-10135.1661551663,-989.127807295039,-695.264921557339,1233.36441317237,1361.28257197546,3068.42106274606,1853.34707880171,2019.5649313431,3106.04798815618,986.257332360769,-497.446957558,-1773.14211563556,1454.66941641879,812.754400497016,1204.8838291505,1768.67691500524,466.277636760965,-21057.8480542176,37766.0549566521,46380.3433376979,-42208.1944908466,37843.8992975213,-34383.2760628433,-42272.9990569378,37981.8015428055,37721.3366641233,-34146.2438618225,-42053.9609892259,38151.368041112,-34728.3414384634,29291.863037438,37941.899966978,-34250.1085682401,46091.1696933269,-42229.1656442203,-50547.5458263611,45994.2966924062,-42272.0866570896,38215.1885319476,46040.5684477593,-42585.7378064554,-42410.6430068394,38202.1889635134,46010.7852724404,-42770.1556132259,37874.101379275,-33893.3965832312,-42369.9411993055,38485.227456676,9.99677369922985
-21061.8030567788,22007.9961361524,-11378.4835599573,-11464.7218649345,3459.72046044153,1911.1222971349,-741.355926832453,-1836.85955173363,2024.09442224574,-1183.76116101173,-1441.12855954347,-197.032398620572,-4092.38884873719,-3354.88733182659,1560.80188558955,-200.616374722377,-1677.08098272042,-684.204503536487,-21061.8030643287,46230.719157781,38652.5210436754,-41871.2531733332,38051.1592826618,-41453.2236548484,-34036.5934508259,38060.2561466915,38336.2486462774,-42375.2658602131,-31631.9746627579,38572.944828157,-34168.5179233482,37941.899966978,29330.9864782649,-35078.1788387125,45651.659818881,-49872.7673945418,-42416.9138637595,46301.9611073592,-41783.8016199611,48700.5927444083,38027.1797463345,-41770.2693324139,-42003.7718341894,46195.5440043423,39005.1246365472,-42322.0213773411,39068.9300517846,-41947.8734748971,-34047.7030243258,38064.793809045,-14.1642967939869
22981.9425931094,-10503.6921403439,-1802.21297672557,-325.417496047139,8118.41845976904,5254.91335090497,916.101643068801,2212.8771642269,1864.89425490183,899.901506676005,-1887.31370889257,536.633447058802,-3119.19766888506,-72.7302628284446,1941.22473771543,1144.97790347585,283.719176043963,1514.61721600912,22981.9426034098,-42143.503611807,-41952.9708084168,38480.2870924673,-42100.3197964486,38198.7241545364,37988.5559985807,-35083.8182989648,-42219.0899335886,38102.5483142509,38588.8246950063,-34062.5660719111,37745.1965662992,-34250.1085682401,-35078.1788387125,28050.9816312323,-50908.2724970135,46229.3466770548,45742.2254223294,-42545.2047864032,46158.8754340123,-42372.5737255784,-42750.466059644,37936.0087174662,46154.546264143,-42682.4502883059,-42698.019707452,38109.7957851985,-42210.6712549908,38466.3079682667,38439.876560307,-34275.486836321,12.4825589092541
-16941.4482116468,-7251.85877955585,3375.10269473717,3166.29896039213,3599.84952987694,5030.08961949484,267.030930638393,659.058478353756,416.247818718623,796.12858931885,-253.219489267454,435.322622325692,-4651.12444945221,-3020.01268735079,467.478119866569,-505.991068317865,744.306458895222,-395.023442604662,-16941.4482255323,38029.3924317084,37913.7403996109,-41511.659835916,37776.0909326507,-42126.6241052744,-42204.5021904467,46101.3589878367,37753.7042611651,-42066.7215731387,-42638.8307769352,46122.6973009431,-41765.7263034754,46091.1696933269,45651.659818881,-50908.2724970135,28554.5932374181,-33951.358181963,-34005.84434213,38099.0924738536,-34053.4671538839,37409.388826406,38019.1144922531,-42107.2308348175,-33619.244327339,37887.3946318921,37765.4210643881,-42285.8609027956,39082.5736380208,-42314.7734728748,-41980.2521860113,46286.1890247701,6.71906042400956
18931.8775581763,23517.6695726739,-5995.38605680286,-8722.16274825313,-429.828446982417,-81.5957820485044,-1589.59561039341,-1921.9965456176,-1175.39756368086,-4844.10970334942,367.900384421095,1711.56374190051,-1659.1081995765,-4925.00238054532,691.575099495462,-816.685416721375,-2371.7911333362,-1324.09868847238,18931.8775747963,-33650.2177821435,-41780.3396228339,38436.9776036748,-42096.081460294,38656.8762809551,45950.0572441993,-41969.9502407876,-41549.593703339,37942.448236454,47476.811605398,-41863.253629127,47130.9259274856,-42229.1656442203,-49872.7673945418,46229.3466770548,-33951.358181963,29550.0222602775,38202.1851159108,-33455.7001966119,38466.8913872587,-32264.1705817942,-42244.5321628327,38921.6963359898,38286.7662338032,-34494.2164001204,-41607.3061314427,38512.8635547201,-40887.9773609339,38080.2497936541,46402.4748185086,-42625.6682380423,-17.336142527976
18731.6663549447,-14805.088808143,-9848.07178849324,-9944.49369090567,3671.12525509037,3430.35743574527,1198.37900058812,2379.15091970106,2916.94826234495,6603.8748720567,2282.95235204588,1395.92915422443,-5108.50843845543,6075.2537990467,5257.58000691217,6675.64885517303,6418.01484055385,3212.89825715671,18731.6663667712,-42558.0458511478,-32917.1472850924,37910.0677157796,-42552.9649802228,46076.7417038977,37744.2470441043,-43292.6454093347,-42510.9535219444,45179.3075766588,40054.1695933768,-42185.2587136319,44254.7169785279,-50547.5458263611,-42416.9138637595,45742.2254223294,-34005.84434213,38202.1851159108,27688.0314653294,-35191.6543169671,38068.1699033087,-40316.7007329201,-35867.6644206912,36951.4618568751,37590.184133385,-42826.0867587473,-33902.4044917019,37355.3059350624,-43809.0207998883,46884.0033370829,38015.1828829823,-42090.4323564281,19.0699994715037
-21129.5909354767,-15212.2858979822,-17973.9809960812,-7928.16680047253,1323.09154072914,1052.61513705348,496.061522790924,1896.24952522321,6938.71870889615,15391.0719635026,254.259911686295,-1334.77995566504,888.545571469771,10911.5435035293,1888.567916798,3916.75788234524,5485.46890184666,2392.84818298457,-21129.5909499628,37611.0599882744,38674.5847583318,-35260.0809434052,45864.902196536,-42081.9467753779,-42063.1998217158,37500.4452455906,45678.2758982689,-42722.572008481,-39010.1505109337,38168.0490628507,-53896.6807417519,45994.2966924062,46301.9611073592,-42545.2047864032,38099.0924738536,-33455.7001966119,-35191.6543169671,27534.3606849234,-42293.4006507924,40158.2879723721,37213.0000112015,-34903.3406935562,-42744.7950897936,38550.4482879623,38499.2650763731,-35329.3275244125,43113.0221845531,-41466.2597440755,-42735.2324286946,38611.0898589008,16.7735808097408
18844.3996321037,22334.8348568496,-12863.9703372871,-10212.2273844525,-86.8405387048372,509.704705291026,-865.288301944731,-1104.44379165525,44.3166893876014,61.4286367105838,-1108.55783644897,-1166.74414295771,266.545964386795,-572.16909909498,-774.292482399601,-1279.89106467368,-1037.73128126555,-1208.40537078879,18844.3996477236,-42077.756071586,-41702.9582627935,46017.2958262539,-33809.9512911504,38675.3259198834,37980.0321975389,-42001.8376267218,-41526.2698392297,46265.3975089086,48691.6835198221,-49701.8886946819,37967.4864288265,-42272.0866570896,-41783.8016199611,46158.8754340123,-34053.4671538839,38466.8913872587,38068.1699033087,-42293.4006507924,29731.0678721861,-31657.5855287318,-33712.8562282625,38991.996831901,38008.3469052248,-41996.5021626112,-41551.5865193963,46321.5770723538,-33943.3992727047,38684.2969686111,38036.3637253548,-42604.5284226272,-16.6651085678186
-21105.0669243135,136183.991052333,-37190.0519484582,-42212.9547255763,-5414.42792502391,-5272.50742167607,-5371.77008712423,-10001.8402470706,-7689.650340216,-19455.4278180041,-6410.41796438865,-4027.45407793188,-4955.68653442994,-19467.1715636514,-3952.5653810315,-8813.66457393544,-9676.25021257544,-4929.27472616957,-21105.0669164526,38285.8819541402,47602.6252036124,-40964.485359594,38354.1737623065,-31116.3764354878,-42107.0134522662,39726.8255015747,48841.284544347,-41788.9196015573,-42571.8073356538,48465.2850319787,-37940.7698906296,38215.1885319476,48700.5927444083,-42372.5737255784,37409.388826406,-32264.1705817942,-40316.7007329201,40158.2879723721,-31657.5855287318,38048.9127925607,39893.4404444751,-30472.2610429138,-41251.5983705338,38720.7519711732,49517.832028417,-40827.8539481195,42931.7178636219,-32689.6298254935,-42551.3639925933,36888.1789862223,-108.644215500734
-21164.444038798,-13463.8254278314,-4568.79878572471,-9934.23110138721,2742.67634330307,1823.53036901808,420.548444097325,798.825613458775,1302.70172957984,1484.65887942208,4066.94478269833,3063.98013801359,-7382.65377009435,4550.87955290452,7906.99229284738,9109.86100760368,6626.68707437268,3614.70191118906,-21164.4440503525,45626.5209499941,38915.8347068732,-41817.2509060983,37482.2574045379,-42379.3933660114,-34342.0048717039,37111.060432039,45614.4774769514,-51542.7379957948,-41054.6919217238,46328.13839483,-43524.4342826607,46040.5684477593,38027.1797463345,-42750.466059644,38019.1144922531,-42244.5321628327,-35867.6644206912,37213.0000112015,-33712.8562282625,39893.4404444751,26905.0610632192,-35693.060853425,-42437.3328060917,45245.3273444383,38391.4194778795,-42793.2519357502,37126.3553421295,-42139.1130908163,-34181.8475677879,38706.2917700585,19.2447389877137
22829.4290152943,17070.2478081948,-16260.6994894592,-19992.5830925667,1966.30015990132,-516.154823101947,-2542.15640766991,457.443214040878,-1660.23832463631,1601.92415909083,83.9963858056274,1224.76186138172,-8110.23073634601,2863.78614344795,3259.52511150685,5385.26183818315,8255.48149073693,6937.95724794611,22829.4290296151,-42540.6799688935,-40910.7289973444,38526.8246027127,-42552.9254570505,38540.8223775862,38114.5811983325,-35879.9909122404,-50164.8059442573,45337.0314688124,49779.2952515116,-41810.8966553285,45844.6733917013,-42585.7378064554,-41770.2693324139,37936.0087174662,-42107.2308348175,38921.6963359898,36951.4618568751,-34903.3406935562,38991.996831901,-30472.2610429138,-35693.060853425,27861.1481918986,46002.9673123459,-42899.2121113529,-41873.5867683292,37935.1077117474,-43238.1487107166,39224.2138586053,38048.6176347583,-34297.0512445145,-4.41991535758517
18881.2422301799,-13871.434754665,-7995.01397943773,-5674.47887828743,1432.02109186192,632.454845898625,3302.55683598805,6028.18902921127,532.04103796162,4752.17022079742,1140.91609265821,785.090128039164,5514.08130447261,7526.30578354876,-1165.90106091069,1276.90037045627,1998.63149529623,1789.36133585419,18881.2422409854,-42404.4652138544,-42029.8748034166,45316.6568300946,-42275.4064071307,45697.7237957257,45974.0356646034,-51026.8494280752,-33545.1792798714,37959.250969189,39489.3670494523,-42075.4996365829,36933.5514842938,-42410.6430068394,-42003.7718341894,46154.546264143,-33619.244327339,38286.7662338032,37590.184133385,-42744.7950897936,38008.3469052248,-41251.5983705338,-42437.3328060917,46002.9673123459,28471.1055428968,-34212.6544283989,-34844.9669480151,37298.7779590889,-36099.5680386231,38346.5756208232,37849.5678546349,-42163.9493708582,13.9812438365505
-21045.3283809776,-12676.7161875386,3781.07288702038,-6854.75578357997,1930.71364944233,2664.31518988814,-1741.85448068726,3674.22269873559,-1703.06018190754,-3564.94004085543,7674.28886657835,11276.8396681193,-1426.41976782117,-2031.85031246515,2263.60100392055,2871.755418769,1092.91797211142,1721.66010117053,-21045.3283912564,38155.3373738552,46209.4884821655,-41669.8903336563,45593.9099536536,-42275.3887412085,-51364.1919792401,45233.8325155955,38147.9958793705,-34458.836105377,-42697.975647711,38267.2461751766,-41355.694952423,38202.1889635134,46195.5440043423,-42682.4502883059,37887.3946318921,-34494.2164001204,-42826.0867587473,38550.4482879623,-41996.5021626112,38720.7519711732,45245.3273444383,-42899.2121113529,-34212.6544283989,26602.7445636344,37416.1250644458,-34278.8036027252,39125.9378836941,-35551.3591821493,-42224.0189915147,38571.8746619626,15.4735672032107
-21174.3104196122,17766.0018111189,-13885.064616064,-18598.9727934611,814.008798182997,1079.54303394107,3765.44196035237,5962.33028335775,-3009.16406131467,-1554.650660898,1326.89089856327,1598.71932590067,1387.58793429504,-27.6334578868318,-2784.7110156907,-1105.22456938726,772.329410113309,1278.94512165572,-21174.3104272858,45876.7883764987,38457.0232350819,-42243.2865538517,45847.2080908905,-50358.6139733372,-42660.9551689708,45587.9346904026,38855.3129252404,-42325.8540159079,-31072.0759551404,38951.1546169223,-41456.7333631826,46010.7852724404,39005.1246365472,-42698.019707452,37765.4210643881,-41607.3061314427,-33902.4044917019,38499.2650763731,-41551.5865193963,49517.832028417,38391.4194778795,-41873.5867683292,-34844.9669480151,37416.1250644458,28780.6281116987,-34711.8195880547,38109.3475821977,-42130.3371009504,-34309.6540113249,38238.0734917536,-10.6223309779834
22950.3435425869,-15606.7802509866,-13302.8340268343,-7932.24551252009,1847.32193262904,2058.61977790201,2753.96387585726,5374.44623488683,3778.23138721662,10983.2610732865,1291.41593889633,468.765244539987,2334.22455451,8163.81736997598,-536.28795434681,1780.12787340236,4051.89412929097,2098.88356770439,22950.3435506248,-42560.6215543351,-41829.6315360767,37176.106578254,-50508.6647805052,46037.2297059707,46223.8214115556,-43247.0246614578,-42335.3706445973,37924.8695386096,40589.6637532331,-33931.9912923026,44056.2697642099,-42770.1556132259,-42322.0213773411,38109.7957851985,-42285.8609027956,38512.8635547201,37355.3059350624,-35329.3275244125,46321.5770723538,-40827.8539481195,-42793.2519357502,37935.1077117474,37298.7779590889,-34278.8036027252,-34711.8195880547,28543.6595224722,-44764.1798866152,38822.1867600394,38100.3403492879,-34018.508862111,16.3141296796114
-21029.6676732795,-24030.5357700396,-41979.5176340298,-20011.1310284098,99.5378819321172,-4064.33239005131,3898.32732792566,8492.38055243972,8848.67720693376,23281.3885899998,-228.172373369904,-3505.2008691029,21279.3904714652,30997.0230094717,-799.022444037652,5698.14928346078,5138.76591944201,3646.54513544081,-21029.6676912918,45111.9103783918,46649.3410417227,-54441.5995673673,37679.2210647232,-42171.8343208253,-42127.0399623614,44769.0171127413,38286.3126902575,-42437.6326654203,-34759.4851833254,46677.5032214204,-40666.632320385,37874.101379275,39068.9300517846,-42210.6712549908,39082.5736380208,-40887.9773609339,-43809.0207998883,43113.0221845531,-33943.3992727047,42931.7178636219,37126.3553421295,-43238.1487107166,-36099.5680386231,39125.9378836941,38109.3475821977,-44764.1798866152,20043.7914370211,-32263.0204327843,-35455.431101574,38923.6205020613,25.4898051856975
23105.6466556157,23383.8834290601,-2412.07231591543,-8933.70990984521,-1372.1314610094,-560.33497420702,-2913.26441756387,-899.00840686366,-3176.13430946691,-7424.97398326224,2826.39280842508,5569.21156292987,309.492280300281,-6370.83425244776,-1146.41101567813,-2049.42897094436,-3392.38534779843,-1275.0079591034,23105.6466704115,-41889.341596363,-50141.9326717497,46855.8362810002,-42362.2851178035,38810.1846740921,45719.6434905974,-42339.8021969924,-41463.963414071,38280.1543511024,46985.8714776257,-41960.3168404322,40003.2967060089,-33893.3965832312,-41947.8734748971,38466.3079682667,-42314.7734728748,38080.2497936541,46884.0033370829,-41466.2597440755,38684.2969686111,-32689.6298254935,-42139.1130908163,39224.2138586053,38346.5756208232,-35551.3591821493,-42130.3371009504,38822.1867600394,-32263.0204327843,29018.1025771136,38481.1955295922,-34483.2907321675,-17.5446372857261
23093.0035782676,-9465.30194575079,-1303.30156316724,1221.48750465711,91.23711423045,-770.419941380485,610.175090079655,1531.02655144243,667.174081024415,2604.85157559938,-134.31075967319,-524.096026247892,3127.80873794067,4653.2662481486,-203.507921223808,925.373538107763,797.87467521994,725.763892611126,23093.003586714,-50260.5666011439,-42294.9056245745,45819.7219509475,-42193.2691616074,46170.8283560828,38248.1636590203,-42630.8974950296,-42285.4918082514,46362.8920933003,38347.6293746999,-42481.8633654913,37411.1656487872,-42369.9411993055,-34047.7030243258,38439.876560307,-41980.2521860113,46402.4748185086,38015.1828829823,-42735.2324286946,38036.3637253548,-42551.3639925933,-34181.8475677879,38048.6176347583,37849.5678546349,-42224.0189915147,-34309.6540113249,38100.3403492879,-35455.431101574,38481.1955295922,29638.7481480325,-34111.4380436661,8.6644218102756
-25005.7717340331,-5080.80970894,7344.59866168634,7687.42179408645,267.573776813635,77.3798306408211,-625.163208440253,-776.229638385805,-245.357082649622,-1027.21147989819,-985.545723214511,-465.386298269246,-790.322460980151,-1766.35974835967,-478.548060533414,-1008.46008266668,-943.155894590735,-424.632738684982,-25005.7717440125,46505.3217756212,46058.6129196707,-42133.3873531576,46489.9648820702,-42466.5783213589,-42216.3789588969,38582.1326610915,46139.754761619,-42158.7268953356,-43819.5952901918,38154.8222777287,-41978.3982501469,38485.227456676,38064.793809045,-34275.486836321,46286.1890247701,-42625.6682380423,-42090.4323564281,38611.0898589008,-42604.5284226272,36888.1789862223,38706.2917700585,-34297.0512445145,-42163.9493708582,38571.8746619626,38238.0734917536,-34018.508862111,38923.6205020613,-34483.2907321675,-34111.4380436661,29989.2218770037,3.2326027385915
4.44729833162341,-542.301861090638,569.519372639954,567.597424271772,-36.013387641035,-24.5154812756843,-19.7620833724271,-47.641102091787,-26.9629635912542,-68.9822287588204,-29.8801545735862,-29.5838231084264,8.35182828612784,-71.6005700995362,-24.762139544315,-46.7100069934294,-52.4516189139254,-36.4346565632689,4.44729823500857,10.180220001087,-21.6015159127913,10.9043765464888,10.8572287083175,-12.2053365617861,10.7288590314589,20.4390755115889,-13.3592633135364,13.3277730026004,-111.35764331895,-17.0170173964626,25.2962638120532,9.99677369922985,-14.1642967939869,12.4825589092541,6.71906042400956,-17.336142527976,19.0699994715037,16.7735808097408,-16.6651085678186,-108.644215500734,19.2447389877137,-4.41991535758517,13.9812438365505,15.4735672032107,-10.6223309779834,16.3141296796114,25.4898051856975,-17.5446372857261,8.6644218102756,3.2326027385915,-14.5085880430049
